time,amplitude
0.0,-0.003744706985530442
0.00012501562695336918,0.02560375669865642
0.00025003125390673836,-0.06433428511680708
0.00037504688086010754,0.09687912901225437
0.0005000625078134767,0.3239035138034255
0.000625078134766846,0.16043344067415588
0.0007500937617202151,0.20936702603183052
0.0008751093886735842,0.34525997463116676
0.0010001250156269534,0.5540675584952056
0.0011251406425803227,0.4109802596413194
0.001250156269533692,0.5118675643543369
0.001375171896487061,0.474869589959919
0.0015001875234404302,0.5451172355838646
0.0016252031503937994,0.5326147623062945
0.0017502187773471684,0.6655127445105061
0.0018752344043005376,0.7499576247165584
0.002000250031253907,0.7612242653010496
0.002125265658207276,0.5851545649921572
0.0022502812851606453,0.8345554658425312
0.0023752969121140144,0.6920949159243273
0.002500312539067384,0.7223464726766878
0.002625328166020753,0.7956183722691201
0.002750343792974122,0.6822006076310562
0.0028753594199274913,0.6475021362119237
0.0030003750468808603,0.6764249194036641
0.0031253906738342293,0.6266434664105137
0.0032504063007875988,0.5329974549060672
0.003375421927740968,0.5446427640136408
0.003500437554694337,0.5001308668088158
0.0036254531816477063,0.5409996955722661
0.0037504688086010753,0.5415533594268003
0.0038754844355544447,0.5218486452392594
0.004000500062507814,0.6264457334428474
0.004125515689461183,0.5581139493644636
0.004250531316414552,0.5679476498775952
0.004375546943367921,0.37511690275724824
0.004500562570321291,0.4085563880839449
0.004625578197274659,0.4573142685424023
0.004750593824228029,0.4502559698157529
0.004875609451181398,0.41340113249035315
0.005000625078134768,0.3710328647039596
0.005125640705088136,0.2798574748643948
0.005250656332041506,0.46246164905379367
0.005375671958994875,0.30093671045805176
0.005500687585948244,0.27106933840348696
0.005625703212901613,0.28558608126997814
0.005750718839854983,0.2621222602703929
0.005875734466808351,0.2830713299349057
0.006000750093761721,0.263329841725757
0.00612576572071509,0.2431053096954049
0.006250781347668459,0.20396812664366193
0.006375796974621828,0.13431749672934712
0.0065008126015751976,0.16574513723294104
0.006625828228528566,0.18421757413187043
0.006750843855481936,0.1724482818550936
0.006875859482435305,0.3227103223612111
0.007000875109388674,0.3265957313819791
0.007125890736342043,0.0842741145350731
0.0072509063632954125,0.22561352855624048
0.007375921990248782,0.12968537910434474
0.0075009376172021506,0.13462096761949432
0.00762595324415552,-0.025237853007841596
0.0077509688711088895,0.19005751908916282
0.007875984498062259,0.12774417308852604
0.008001000125015627,0.1518197764592589
0.008126015751968996,0.12930825852247543
0.008251031378922366,-0.04871173411149155
0.008376047005875735,0.13664319981311152
0.008501062632829104,0.22607012936933626
0.008626078259782474,0.03670559462789679
0.008751093886735842,0.014845585202818442
0.008876109513689211,0.1518607208724849
0.009001125140642581,0.07342499003757046
0.00912614076759595,0.011206924182176982
0.009251156394549319,0.17098045098639061
0.009376172021502689,0.24580249555195924
0.009501187648456057,0.07266986188003721
0.009626203275409426,0.08699413538363433
0.009751218902362796,-0.01753348115271558
0.009876234529316165,-0.015138178274009338
0.010001250156269535,-0.04454032570696278
0.010126265783222904,-0.1956063854637262
0.010251281410176272,0.11819418706831174
0.010376297037129643,-0.12666676343695168
0.010501312664083011,-0.1145751971884437
0.01062632829103638,-0.022052396162521904
0.01075134391798975,-0.23030196333868017
0.010876359544943119,-0.017290116717984094
0.011001375171896487,-0.3250782571575801
0.011126390798849858,-0.13774661278537043
0.011251406425803226,-0.024783976211106767
0.011376422052756595,-0.2554465880233207
0.011501437679709965,-0.09648640224092879
0.011626453306663334,-0.19611394669312276
0.011751468933616702,-0.20560852346875835
0.011876484560570073,-0.08792344755285102
0.012001500187523441,-0.14357412908940245
0.01212651581447681,-0.2160068502763102
0.01225153144143018,-0.11451571425222516
0.012376547068383549,-0.09039820258884243
0.012501562695336917,-0.35782125996244524
0.012626578322290288,-0.054769395079738714
0.012751593949243656,-0.13503705949417188
0.012876609576197025,0.02743540377271482
0.013001625203150395,-0.09076348417159093
0.013126640830103764,-0.23305521303260038
0.013251656457057132,-0.456532544333349
0.013376672084010503,-0.1387216983167102
0.013501687710963871,-0.24304791058219932
0.01362670333791724,-0.05897321248429131
0.01375171896487061,-0.22493619228156805
0.013876734591823979,-0.24762858678040645
0.014001750218777347,-0.22837209236518083
0.014126765845730718,-0.10963636002294562
0.014251781472684086,-0.3470126661664012
0.014376797099637456,-0.17215184998728217
0.014501812726590825,-0.24488936944982492
0.014626828353544194,-0.2628077891586421
0.014751843980497564,-0.2864289948459974
0.014876859607450933,-0.455996974689991
0.015001875234404301,-0.5188012360723396
0.015126890861357671,-0.4208278201423299
0.01525190648831104,-0.5095583295010183
0.015376922115264409,-0.5282802351143833
0.015501937742217779,-0.5641333889512902
0.015626953369171147,-0.3930570732750173
0.015751968996124518,-0.5403631065255926
0.015876984623077885,-0.3830802766265335
0.016002000250031255,-0.44507021765348215
0.016127015876984625,-0.6367225141246677
0.016252031503937992,-0.5523090869286202
0.016377047130891362,-0.644115289467006
0.016502062757844733,-0.5799826232574158
0.0166270783847981,-0.7731063248120555
0.01675209401175147,-0.7219083901623928
0.01687710963870484,-0.7451178697092252
0.017002125265658207,-0.8146651277931082
0.017127140892611577,-0.5743760663665313
0.017252156519564948,-0.816134450455392
0.017377172146518315,-0.6932944327429275
0.017502187773471685,-0.6131861893785642
0.017627203400425055,-0.5614619987417468
0.017752219027378422,-0.6520597677365495
0.017877234654331792,-0.7646489214980365
0.018002250281285163,-0.5620217301553492
0.01812726590823853,-0.5532104368804923
0.0182522815351919,-0.6066131973691706
0.01837729716214527,-0.6332905472891465
0.018502312789098637,-0.7139069016841564
0.018627328416052007,-0.6401499664973357
0.018752344043005378,-0.406921905986935
0.018877359669958745,-0.39068260127696663
0.019002375296912115,-0.3583473645931601
0.019127390923865485,-0.4718085153109238
0.019252406550818852,-0.2369297935129671
0.019377422177772222,-0.42349736977857616
0.019502437804725593,-0.30888906067417926
0.01962745343167896,-0.3035292768519223
0.01975246905863233,-0.15670766370964012
0.0198774846855857,-0.23055668498121348
0.02000250031253907,0.012141514983116813
0.020127515939492437,0.20176675796301613
0.020252531566445808,0.1482568112585435
0.020377547193399178,0.11492360527179617
0.020502562820352545,0.13712366573216733
0.020627578447305915,0.14951196991924906
0.020752594074259285,0.3485542761159928
0.020877609701212652,0.13567850683503185
0.021002625328166023,0.4200514305855482
0.021127640955119393,0.4516062736807752
0.02125265658207276,0.4195649951981942
0.02137767220902613,0.634954625929577
0.0215026878359795,0.6210855033319153
0.021627703462932867,0.37384689525087195
0.021752719089886238,0.46047720927005753
0.021877734716839608,0.7412049803485348
0.022002750343792975,0.6244568470700961
0.022127765970746345,0.5621013625438233
0.022252781597699715,0.5247255723880803
0.022377797224653082,0.6603806287575142
0.022502812851606453,0.5600774939068841
0.022627828478559823,0.557794544078997
0.02275284410551319,0.7535699684203984
0.02287785973246656,0.669273659567156
0.02300287535941993,0.5652149221425032
0.023127890986373297,0.7643446435198121
0.023252906613326668,0.659803775436834
0.023377922240280038,0.4494371161286396
0.023502937867233405,0.6480834188414507
0.023627953494186775,0.3752008593267464
0.023752969121140145,0.5941872695660476
0.023877984748093512,0.3996366101298189
0.024003000375046882,0.6090273106472468
0.024128016002000253,0.5802148717863437
0.02425303162895362,0.40752594636350414
0.02437804725590699,0.39502407156122804
0.02450306288286036,0.5812636495390581
0.024628078509813727,0.46856584093172704
0.024753094136767097,0.6080256039060574
0.024878109763720468,0.3863375084705192
0.025003125390673835,0.5563839270265822
0.025128141017627205,0.5033776339130468
0.025253156644580575,0.36453210152918486
0.025378172271533942,0.06583453338696978
0.025503187898487312,0.37081175626362217
0.025628203525440683,0.10842957353035823
0.02575321915239405,0.2664129094501819
0.02587823477934742,0.5230312869620516
0.02600325040630079,0.37732101556072667
0.026128266033254157,0.06414135097742309
0.026253281660207527,0.215898040823055
0.026378297287160898,0.4421101229065382
0.026503312914114265,0.19475955009391083
0.026628328541067635,0.32536806533294504
0.026753344168021005,0.22049765241218117
0.026878359794974372,0.25942658274220887
0.027003375421927742,0.25332439476877083
0.027128391048881113,0.2020148287930925
0.02725340667583448,0.24464077989474822
0.02737842230278785,0.24139613027219128
0.02750343792974122,0.18023725114237513
0.027628453556694587,0.22720264563670953
0.027753469183647957,0.24742901312510274
0.027878484810601328,0.17406446735058884
0.028003500437554694,0.24335925715903411
0.028128516064508065,0.23614940000207316
0.028253531691461435,0.34988053241277706
0.028378547318414805,0.022339509153696865
0.028503562945368172,-0.09261695539427516
0.028628578572321543,-0.08470355745743278
0.028753594199274913,0.26262414464411116
0.02887860982622828,0.07577493639484525
0.02900362545318165,0.07423535339233311
0.02912864108013502,0.2065943815784576
0.029253656707088387,0.1613180480418082
0.029378672334041758,0.1504447301737113
0.029503687960995128,0.004526010813255914
0.029628703587948495,-0.06594167359705788
0.029753719214901865,0.16641743275963194
0.029878734841855235,-0.13039601697563463
0.030003750468808602,0.06985877105015376
0.030128766095761973,0.06042977374089311
0.030253781722715343,0.02708776116630659
0.03037879734966871,0.13244188638617843
0.03050381297662208,-0.014190505342501783
0.03062882860357545,-0.13723024821178398
0.030753844230528817,0.09506811842974291
0.030878859857482188,-0.07347682018664328
0.031003875484435558,-0.13357348433258293
0.031128891111388925,-0.20765820192130122
0.031253906738342295,-0.1494268978302878
0.031378922365295665,-0.1631301602660365
0.031503937992249036,0.03571308153665202
0.0316289536192024,-0.10906892547583176
0.03175396924615577,-0.3244709267773703
0.03187898487310914,-0.2283540449682576
0.03200400050006251,-0.08142169666803935
0.03212901612701588,-0.08459164953118324
0.03225403175396925,-0.1756006073285837
0.03237904738092262,-0.08704258935095269
0.032504063007875984,-0.039339882580608915
0.032629078634829355,-0.2110599838453796
0.032754094261782725,-0.14338579152378578
0.032879109888736095,-0.1515320651857243
0.033004125515689466,-0.2294699507262338
0.033129141142642836,-0.2966370228073846
0.0332541567695962,-0.23742430659769923
0.03337917239654957,-0.22166211883690573
0.03350418802350294,-0.29536971118936806
0.03362920365045631,-0.2746481613568817
0.03375421927740968,-0.5631883721922948
0.03387923490436305,-0.30378404211692417
0.034004250531316414,-0.4157092237969685
0.034129266158269785,-0.22256889045194117
0.034254281785223155,-0.22266399448143442
0.034379297412176525,-0.142974183418695
0.034504313039129896,-0.24509140723999182
0.034629328666083266,-0.21818224575940284
0.03475434429303663,-0.30139258783952855
0.03487935991999,-0.34221295302540816
0.03500437554694337,-0.23067960668954812
0.03512939117389674,-0.7142836205955344
0.03525440680085011,-0.1035387482697021
0.03537942242780348,-0.4781053710121842
0.035504438054756844,-0.5265236121952734
0.035629453681710214,-0.3889291413400107
0.035754469308663585,-0.5530666224711561
0.035879484935616955,-0.4973812566887984
0.036004500562570325,-0.43029498208776373
0.036129516189523696,-0.6959383503930218
0.03625453181647706,-0.4212056110006563
0.03637954744343043,-0.7549124739091841
0.0365045630703838,-0.41606691874669893
0.03662957869733717,-0.45892206069873387
0.03675459432429054,-0.6448874285554038
0.03687960995124391,-0.7394252017997054
0.037004625578197274,-0.6672108544047688
0.037129641205150644,-0.5254079913798468
0.037254656832104015,-0.5856602527131
0.037379672459057385,-0.6616412577072118
0.037504688086010755,-0.5662628186522003
0.037629703712964126,-0.8305932912585029
0.03775471933991749,-0.6107405336473531
0.03787973496687086,-0.5381991043399219
0.03800475059382423,-0.5340857420229443
0.0381297662207776,-0.6542761687242141
0.03825478184773097,-0.7307352489298555
0.03837979747468434,-0.5399944538081175
0.038504813101637704,-0.6424704114689868
0.038629828728591074,-0.4668832076548204
0.038754844355544445,-0.5167995731558742
0.038879859982497815,-0.4606710829028817
0.039004875609451185,-0.17945004268187895
0.039129891236404556,-0.4437599607080301
0.03925490686335792,-0.1651059385453471
0.03937992249031129,-0.6149514319653367
0.03950493811726466,-0.2826892244169804
0.03962995374421803,-0.08305172622274871
0.0397549693711714,-0.2528225914479452
0.03987998499812477,-0.059974256411513
0.04000500062507814,0.026328532336644995
0.040130016252031504,0.006901513156786142
0.040255031878984875,-0.07470359014982679
0.040380047505938245,0.012250764627478527
0.040505063132891615,0.3294148911644243
0.040630078759844986,0.28587080513707036
0.040755094386798356,0.34155829013063005
0.04088011001375172,0.31948613176077695
0.04100512564070509,0.5699145835832842
0.04113014126765846,0.44738044176616415
0.04125515689461183,0.5929871767962002
0.0413801725215652,0.5108243048610935
0.04150518814851857,0.5283393494088623
0.041630203775471934,0.37632621734522687
0.041755219402425305,0.7198168989925628
0.041880235029378675,0.5142054116102895
0.042005250656332045,0.5631229487848994
0.042130266283285416,0.5636835347724676
0.042255281910238786,0.6694133923315889
0.04238029753719215,0.6468078045758753
0.04250531316414552,0.607289449136519
0.04263032879109889,0.5751174849674741
0.04275534441805226,0.578298551854019
0.04288036004500563,0.7962994420753211
0.043005375671959,0.6334540039134007
0.043130391298912364,0.7355989645331033
0.043255406925865734,0.7912963564547256
0.043380422552819105,0.6513256403801297
0.043505438179772475,0.6560194451369116
0.043630453806725845,0.6381128843759424
0.043755469433679216,0.42311393036794515
0.04388048506063258,0.6820834456726308
0.04400550068758595,0.5313819358907022
0.04413051631453932,0.55288234868041
0.04425553194149269,0.4282008283493006
0.04438054756844606,0.4935972628905406
0.04450556319539943,0.4566265465319328
0.044630578822352794,0.51291668117052
0.044755594449306164,0.45908504541192585
0.044880610076259535,0.4908388610502362
0.045005625703212905,0.4432077593234999
0.045130641330166275,0.2990232860110884
0.045255656957119646,0.33244465117530514
0.04538067258407301,0.36984203329303655
0.04550568821102638,0.28023111406380485
0.04563070383797975,0.5573491816857912
0.04575571946493312,0.4618831911177228
0.04588073509188649,0.40063596054154443
0.04600575071883986,0.16139091322570323
0.046130766345793224,0.2846228571142293
0.046255781972746594,0.09415054344936807
0.046380797599699965,0.27363914149380525
0.046505813226653335,0.35975975445060837
0.046630828853606705,0.18328296657455925
0.046755844480560076,0.18792249989736817
0.04688086010751344,0.2908133256990124
0.04700587573446681,0.15744614048206826
0.04713089136142018,0.30276411362028166
0.04725590698837355,0.42667056824162564
0.04738092261532692,0.21445712475613832
0.04750593824228029,0.25769708604666897
0.047630953869233654,0.24569465831138956
0.047755969496187024,0.25548733278189684
0.047880985123140395,0.31005258058044377
0.048006000750093765,0.0901002397272141
0.048131016377047135,0.2505807186869996
0.048256032004000506,0.19635768692713218
0.048381047630953876,0.2870521710606785
0.04850606325790724,0.03618313814750904
0.04863107888486061,0.3152712997866698
0.04875609451181398,0.22404002800548695
0.04888111013876735,0.0799672842168177
0.04900612576572072,-0.05484223187378126
0.04913114139267409,-0.06254567118908375
0.049256157019627454,0.27666340128274475
0.049381172646580825,0.010615406944380583
0.049506188273534195,-0.0007390181634505397
0.049631203900487565,0.2793382644302013
0.049756219527440936,0.28401512383655464
0.049881235154394306,0.07420351694433959
0.05000625078134767,0.0037181775504852403
0.05013126640830104,0.045474049764387764
0.05025628203525441,-0.0838270164331847
0.05038129766220778,0.04344201838376273
0.05050631328916115,-0.11672732520600346
0.05063132891611452,-0.07391477720318917
0.050756344543067884,0.022145057510572597
0.050881360170021254,-0.17879014851505148
0.051006375796974625,0.10381744726263273
0.051131391423927995,-0.13050398841477334
0.051256407050881365,-0.16622693847625328
0.051381422677834736,-0.0692553524398589
0.0515064383047881,-0.39589891610360317
0.05163145393174147,0.0343302905511126
0.05175646955869484,-0.15348631161757423
0.05188148518564821,-0.09350544359669644
0.05200650081260158,-0.15213715371277667
0.05213151643955495,-0.09006183635138355
0.052256532066508314,-0.10195987525052762
0.052381547693461684,-0.2297855755275239
0.052506563320415055,-0.25308282362225853
0.052631578947368425,-0.11014168599567747
0.052756594574321795,-0.055362401921899694
0.052881610201275166,-0.16509932693857615
0.05300662582822853,-0.1478920919475284
0.0531316414551819,-0.28773697154324346
0.05325665708213527,-0.18423289504607343
0.05338167270908864,-0.3475365597066711
0.05350668833604201,-0.1257549496477391
0.05363170396299538,-0.2212075474483884
0.053756719589948744,-0.13673960135196248
0.053881735216902114,-0.17387820144011937
0.054006750843855485,-0.17713943742108348
0.054131766470808855,-0.2548820541118391
0.054256782097762225,-0.2346393603747442
0.054381797724715596,-0.3933517510475605
0.05450681335166896,-0.3146248751784937
0.05463182897862233,-0.1752517795114119
0.0547568446055757,-0.2707263310422963
0.05488186023252907,-0.37366541496128614
0.05500687585948244,-0.4792591494009121
0.05513189148643581,-0.07567466552252654
0.055256907113389174,-0.4575716654731563
0.055381922740342544,-0.2953780149575874
0.055506938367295915,-0.2661771026709855
0.055631953994249285,-0.48676939128264096
0.055756969621202655,-0.5085964629827009
0.055881985248156026,-0.6300563207113102
0.05600700087510939,-0.42120294054525437
0.05613201650206276,-0.6154974554325657
0.05625703212901613,-0.5331069552626448
0.0563820477559695,-0.9539129118181798
0.05650706338292287,-0.5934161719101348
0.05663207900987624,-0.5038364208424312
0.05675709463682961,-0.5828878429907233
0.056882110263782974,-0.6994777951347128
0.057007125890736345,-0.6540059938813899
0.057132141517689715,-0.587228625546328
0.057257157144643085,-0.6199020808331204
0.057382172771596456,-0.6830138523929538
0.057507188398549826,-0.5764344188139243
0.05763220402550319,-0.5731986144665221
0.05775721965245656,-0.7995297688198791
0.05788223527940993,-0.7664923545460695
0.0580072509063633,-0.7397578688587169
0.05813226653331667,-0.6642228579497066
0.05825728216027004,-0.49098839537446115
0.058382297787223404,-0.5239913960302969
0.058507313414176775,-0.49296132454366787
0.058632329041130145,-0.5979295110882028
0.058757344668083515,-0.48861461724568866
0.058882360295036885,-0.43334531401280607
0.059007375921990256,-0.28311522049777565
0.05913239154894362,-0.34904433712943156
0.05925740717589699,-0.2431043887004716
0.05938242280285036,-0.22572978999033458
0.05950743842980373,-0.0971723729530747
0.0596324540567571,-0.17415206411412235
0.05975746968371047,-0.26299632785705696
0.059882485310663834,-0.049740847649531725
0.060007500937617204,-0.172764143710776
0.060132516564570575,0.07187307528081563
0.060257532191523945,0.039301458628131156
0.060382547818477315,-0.03262369621041758
0.060507563445430686,0.18539577554359524
0.06063257907238405,0.4338386265210638
0.06075759469933742,0.27114207809815666
0.06088261032629079,0.06094447240277779
0.06100762595324416,0.5403422016662256
0.06113264158019753,0.5698481313767605
0.0612576572071509,0.321488278648635
0.061382672834104264,0.45499911270196663
0.061507688461057634,0.5909704825687615
0.061632704088011005,0.7145959488175477
0.061757719714964375,0.6127499704057172
0.061882735341917745,0.46950643236458506
0.062007750968871116,0.5870551115832997
0.06213276659582448,0.5343108536698112
0.06225778222277785,0.5681858828025684
0.06238279784973122,0.7458469375165359
0.06250781347668459,0.5859428807424677
0.06263282910363796,0.6265634722026926
0.06275784473059133,0.6082259779140629
0.0628828603575447,0.6349431477529127
0.06300787598449807,0.5360293792762475
0.06313289161145144,0.7774929124474926
0.0632579072384048,0.5275479115991265
0.06338292286535817,0.7001305053605962
0.06350793849231154,0.6719728235915284
0.06363295411926491,0.7420573001282605
0.06375796974621828,0.4135043086358553
0.06388298537317165,0.6535308854643767
0.06400800100012502,0.37928747909214106
0.06413301662707839,0.339301319891485
0.06425803225403176,0.6887911426195161
0.06438304788098513,0.5427280392659001
0.0645080635079385,0.5040532768858527
0.06463307913489187,0.3609526875511947
0.06475809476184524,0.3632803325352777
0.0648831103887986,0.3722425991217315
0.06500812601575197,0.4325341257353945
0.06513314164270534,0.4241870408550338
0.06525815726965871,0.24266901768775925
0.06538317289661208,0.3388037759325847
0.06550818852356545,0.26673804174715227
0.06563320415051882,0.21611798095014498
0.06575821977747219,0.34525532404389697
0.06588323540442556,0.22330261746028174
0.06600825103137893,0.3030412267699114
0.0661332666583323,0.304723721658355
0.06625828228528567,0.06286951071848483
0.06638329791223903,0.17475701064119414
0.0665083135391924,0.2676426496698461
0.06663332916614577,0.10004770037619092
0.06675834479309914,0.12529289931836932
0.06688336042005251,0.11958472133361282
0.06700837604700588,0.2385595060259697
0.06713339167395925,0.1334586937353014
0.06725840730091262,0.16144968206690447
0.06738342292786599,0.13342474681297517
0.06750843855481936,0.1013721076540579
0.06763345418177273,0.07016153348073564
0.0677584698087261,0.11257926734298304
0.06788348543567946,0.11764020095996408
0.06800850106263283,0.059517073270987875
0.0681335166895862,0.17106836519149485
0.06825853231653957,0.2249239582857361
0.06838354794349294,0.3048726656074208
0.06850856357044631,0.080188444811225
0.06863357919739968,0.1552768534829849
0.06875859482435305,0.12061809955868466
0.06888361045130642,0.019936145315609152
0.06900862607825979,0.11222845441994947
0.06913364170521316,-0.036697317611903146
0.06925865733216653,-0.08422220509097685
0.06938367295911989,-0.035171873022252054
0.06950868858607326,0.16497723760332986
0.06963370421302663,-0.13741238637116304
0.06975871983998,-0.18966762082142707
0.06988373546693337,0.11893970192255314
0.07000875109388674,0.1875238278546559
0.07013376672084011,-0.1219467893054098
0.07025878234779348,0.08951520029684396
0.07038379797474685,-0.17750036464634586
0.07050881360170022,0.012395287305386686
0.07063382922865359,-0.08244558544887001
0.07075884485560696,0.05208490010747105
0.07088386048256032,-0.20471570120892107
0.07100887610951369,0.10181497362646662
0.07113389173646706,-0.23910717504269657
0.07125890736342043,-0.06501500268420723
0.0713839229903738,-0.11989284790117688
0.07150893861732717,-0.14419219734719513
0.07163395424428054,-0.24446493653954152
0.07175896987123391,-0.21034269031233926
0.07188398549818728,-0.09293838360781298
0.07200900112514065,-0.03460643414152977
0.07213401675209402,-0.13303100179665883
0.07225903237904739,-0.22722430747977818
0.07238404800600076,-0.3230024787506467
0.07250906363295412,-0.1857113571495474
0.07263407925990749,-0.3506217583155124
0.07275909488686086,-0.22910914951639744
0.07288411051381423,-0.07710208044715917
0.0730091261407676,-0.3614404920602914
0.07313414176772097,-0.1960279120386581
0.07325915739467434,-0.051574491391058776
0.07338417302162771,-0.37364310964185166
0.07350918864858108,-0.34402229249955973
0.07363420427553445,-0.24874146497232505
0.07375921990248782,-0.26621784560628087
0.07388423552944119,-0.1368072268771549
0.07400925115639455,-0.3782397360177356
0.07413426678334792,-0.3123689652673126
0.07425928241030129,-0.13266905153805167
0.07438429803725466,-0.1467116887431759
0.07450931366420803,-0.16244380933719232
0.0746343292911614,-0.2833680032144417
0.07475934491811477,-0.33533093113635754
0.07488436054506814,-0.3272617386804429
0.07500937617202151,-0.3865767058424665
0.07513439179897488,-0.52620537922479
0.07525940742592825,-0.5084717578752871
0.07538442305288162,-0.4632553390800689
0.07550943867983498,-0.48240755643478894
0.07563445430678835,-0.4650808428479048
0.07575946993374172,-0.5081152852187261
0.07588448556069509,-0.5642700432069742
0.07600950118764846,-0.6442710837911225
0.07613451681460183,-0.5400348577765925
0.0762595324415552,-0.6124164056639178
0.07638454806850857,-0.7174270704976167
0.07650956369546194,-0.7052182266568894
0.07663457932241531,-0.7068215509639273
0.07675959494936868,-0.6735799053501522
0.07688461057632205,-0.5585630913948937
0.07700962620327541,-0.7834115402277332
0.07713464183022878,-0.5567079280556817
0.07725965745718215,-0.5922979415556525
0.07738467308413552,-0.7920649529992152
0.07750968871108889,-0.7465768876084748
0.07763470433804226,-0.7864956631793384
0.07775971996499563,-0.6703688587239789
0.077884735591949,-0.4877957011644555
0.07800975121890237,-0.7596748925082922
0.07813476684585574,-0.774381798022199
0.07825978247280911,-0.8094668197219386
0.07838479809976248,-0.5400531430918546
0.07850981372671584,-0.41793525035258433
0.07863482935366921,-0.6433246619877918
0.07875984498062258,-0.5189275787898732
0.07888486060757595,-0.4555839718969612
0.07900987623452932,-0.22368196628231438
0.07913489186148269,-0.3513046962489761
0.07925990748843606,-0.4026245385511949
0.07938492311538943,-0.22104178624219964
0.0795099387423428,-0.1707730702492885
0.07963495436929617,-0.22088007311830402
0.07975996999624954,-0.07852971844591276
0.07988498562320291,-0.08009257673123217
0.08001000125015628,0.06755198449576216
0.08013501687710964,0.021939142589827047
0.08026003250406301,0.07654370111318934
0.08038504813101638,0.06816308215250304
0.08051006375796975,0.36266421019184675
0.08063507938492312,0.3298589295869537
0.08076009501187649,0.3106703643172994
0.08088511063882986,0.4451803167605517
0.08101012626578323,0.347242599828158
0.0811351418927366,0.431249128472225
0.08126015751968997,0.5336293286583905
0.08138517314664334,0.6336847256043485
0.08151018877359671,0.45141071016008283
0.08163520440055007,0.43334604787016284
0.08176022002750344,0.51434393940642
0.08188523565445681,0.5151195167117523
0.08201025128141018,0.5740716702833337
0.08213526690836355,0.6905297911829362
0.08226028253531692,0.634493205863264
0.08238529816227029,0.778769740387278
0.08251031378922366,0.6414126665767218
0.08263532941617703,0.5673176283907996
0.0827603450431304,0.6338452832177226
0.08288536067008377,0.6556015294989305
0.08301037629703714,0.5707453616426386
0.0831353919239905,0.6797590436880302
0.08326040755094387,0.7388407779716335
0.08338542317789724,0.6654866092590873
0.08351043880485061,0.6687077837688413
0.08363545443180398,0.6344220486560279
0.08376047005875735,0.37390099095984697
0.08388548568571072,0.7585637673325082
0.08401050131266409,0.5544738508724881
0.08413551693961746,0.580542596995962
0.08426053256657083,0.46962850816950613
0.0843855481935242,0.2641392307088043
0.08451056382047757,0.5698392568096574
0.08463557944743093,0.2832396752127278
0.0847605950743843,0.3445557586610474
0.08488561070133767,0.5176984734298401
0.08501062632829104,0.31575814841826594
0.08513564195524441,0.2987810298866235
0.08526065758219778,0.30527367250190574
0.08538567320915115,0.2300107913734769
0.08551068883610452,0.2823268733018336
0.08563570446305789,0.24490534300466782
0.08576072009001126,0.4267534925207385
0.08588573571696463,0.24809235377147912
0.086010751343918,0.19157921542270584
0.08613576697087136,0.45944038556756156
0.08626078259782473,0.4356623131391953
0.0863857982247781,0.2145517827836095
0.08651081385173147,0.2878618995518956
0.08663582947868484,0.2520104411192775
0.08676084510563821,0.29565036020638413
0.08688586073259158,0.26286580584803265
0.08701087635954495,0.31613670652757886
0.08713589198649832,0.14655996040919372
0.08726090761345169,0.3787400798598334
0.08738592324040506,0.14274184226217496
0.08751093886735843,0.2193423935422237
0.08763595449431179,0.2787808078000369
0.08776097012126516,0.10651812528653838
0.08788598574821853,0.16664210036382335
0.0880110013751719,0.09493062711718922
0.08813601700212527,0.0046931141617928005
0.08826103262907864,0.24568079558424671
0.08838604825603201,0.08184268321511488
0.08851106388298538,-0.0364770024317168
0.08863607950993875,0.28377206691687934
0.08876109513689212,-0.07614574414641184
0.08888611076384549,0.019029479943615302
0.08901112639079886,0.2619408300716015
0.08913614201775223,0.1428782929798184
0.08926115764470559,0.10997704968726799
0.08938617327165896,-0.04781838831913706
0.08951118889861233,-0.1659470776362539
0.0896362045255657,0.09576593062216023
0.08976122015251907,0.2309966895541883
0.08988623577947244,0.11662885413160769
0.09001125140642581,-0.12137709340739089
0.09013626703337918,-0.19772847899771118
0.09026128266033255,0.11295257085836138
0.09038629828728592,0.1939548595391737
0.09051131391423929,-0.05381373497101001
0.09063632954119266,-0.08447455144284087
0.09076134516814602,-0.14756566719304182
0.09088636079509939,-0.11369205761477189
0.09101137642205276,-0.24772465332390145
0.09113639204900613,0.010854198941433546
0.0912614076759595,-0.12429499860030847
0.09138642330291287,-0.045766343436576304
0.09151143892986624,-0.2857235969101197
0.09163645455681961,0.013852847107224852
0.09176147018377298,-0.21285319602458586
0.09188648581072635,-0.1875677108878477
0.09201150143767972,-0.042515798683432394
0.09213651706463309,-0.16419134841796967
0.09226153269158645,-0.034583541841651445
0.09238654831853982,-0.12776960847203125
0.09251156394549319,-0.025424818964191055
0.09263657957244656,-0.11097150190036843
0.09276159519939993,0.036652723721228464
0.0928866108263533,-0.3155152713016314
0.09301162645330667,-0.17322426688121004
0.09313664208026004,-0.33542197477078844
0.09326165770721341,-0.05180061762393877
0.09338667333416678,-0.18366787731056508
0.09351168896112015,-0.3169347841297047
0.09363670458807352,-0.32326659328970836
0.09376172021502688,-0.14845850706460026
0.09388673584198025,-0.20433994527926147
0.09401175146893362,-0.17698573109345558
0.09413676709588699,-0.31542836757996895
0.09426178272284036,-0.205814643606418
0.09438679834979373,-0.16650024122583196
0.0945118139767471,-0.2968758473394045
0.09463682960370047,-0.3949385765448358
0.09476184523065384,-0.41550076524992924
0.09488686085760721,-0.3834032421796613
0.09501187648456058,-0.47161476318479895
0.09513689211151395,-0.27434953433504256
0.09526190773846731,-0.10840848043920495
0.09538692336542068,-0.3943861610493507
0.09551193899237405,-0.3570228541385758
0.09563695461932742,-0.4834683844554742
0.09576197024628079,-0.26780136665905824
0.09588698587323416,-0.44260192199336196
0.09601200150018753,-0.4926416817641579
0.0961370171271409,-0.5576002930093164
0.09626203275409427,-0.6242216899149402
0.09638704838104764,-0.6701829376754018
0.09651206400800101,-0.680592006600915
0.09663707963495438,-0.6438165275688745
0.09676209526190775,-0.6611523872378955
0.09688711088886111,-0.6430962884848304
0.09701212651581448,-0.6619737760456432
0.09713714214276785,-0.5738531466238811
0.09726215776972122,-0.6292729061058828
0.09738717339667459,-0.8750121026919803
0.09751218902362796,-0.6377678273309573
0.09763720465058133,-0.6485563613945043
0.0977622202775347,-0.6326906258101205
0.09788723590448807,-0.6406988551666437
0.09801225153144144,-0.6939161338175619
0.09813726715839481,-0.6655768268464128
0.09826228278534818,-0.7364879471963925
0.09838729841230154,-0.7462687191263636
0.09851231403925491,-0.7562142865368716
0.09863732966620828,-0.5089877562210849
0.09876234529316165,-0.33918202334316677
0.09888736092011502,-0.3932684350037292
0.09901237654706839,-0.4232530721052124
0.09913739217402176,-0.28012178032948337
0.09926240780097513,-0.51194607275221
0.0993874234279285,-0.11698122754196819
0.09951243905488187,-0.4509037563780755
0.09963745468183524,-0.1492206693690193
0.09976247030878861,-0.051846897447866525
0.09988748593574197,-0.05417083570203073
0.10001250156269534,0.06955258038571198
0.10013751718964871,-0.03623343759008128
0.10026253281660208,0.07659592323301277
0.10038754844355545,0.057565549693491286
0.10051256407050882,0.19395125688048875
0.10063757969746219,0.362747922914729
0.10076259532441556,0.2394754263890111
0.10088761095136893,0.43189567708917204
0.1010126265783223,0.25772376356415483
0.10113764220527567,0.512165156550658
0.10126265783222904,0.3306220003299068
0.1013876734591824,0.4149758253376659
0.10151268908613577,0.6160235332273831
0.10163770471308914,0.5862969794175151
0.10176272034004251,0.699243288391359
0.10188773596699588,0.7029056368876473
0.10201275159394925,0.6778765792080117
0.10213776722090262,0.4411405004353608
0.10226278284785599,0.7500490506724127
0.10238779847480936,0.7466795048324646
0.10251281410176273,0.8655201028107211
0.1026378297287161,0.7373331676170852
0.10276284535566947,0.7341541403131454
0.10288786098262283,0.6215882712331824
0.1030128766095762,0.7019022326174693
0.10313789223652957,0.7321037510454724
0.10326290786348294,0.8298345707783297
0.10338792349043631,0.7989765826617033
0.10351293911738968,0.4446339654315464
0.10363795474434305,0.45922635038359955
0.10376297037129642,0.7719041417726438
0.10388798599824979,0.7478456039219938
0.10401300162520316,0.5075726056399074
0.10413801725215653,0.5564671197795215
0.1042630328791099,0.42900240108612553
0.10438804850606327,0.44641544975301917
0.10451306413301663,0.5501644824697444
0.10463807975997,0.463788401756945
0.10476309538692337,0.34947273173784577
0.10488811101387674,0.4244921139389884
0.10501312664083011,0.2677243231788703
0.10513814226778348,0.134904946508337
0.10526315789473685,0.4972455672784145
0.10538817352169022,0.2786700861981938
0.10551318914864359,0.4061988613118934
0.10563820477559696,0.3359850149799625
0.10576322040255033,0.2726376765692634
0.1058882360295037,0.08693364318470634
0.10601325165645706,0.2074172446056277
0.10613826728341043,0.2721397478812507
0.1062632829103638,0.33618846366156163
0.10638829853731717,0.13907427414332316
0.10651331416427054,0.2688666212657295
0.10663832979122391,0.10580873165960378
0.10676334541817728,0.21473103426742843
0.10688836104513065,0.3653533798234987
0.10701337667208402,0.4959366408822377
0.10713839229903739,0.12153315835452994
0.10726340792599076,0.25620572750535225
0.10738842355294413,0.23308307595992592
0.10751343917989749,0.31898772096697736
0.10763845480685086,0.20732145172893104
0.10776347043380423,0.24589436856471322
0.1078884860607576,0.07799717904513793
0.10801350168771097,0.1791320227823061
0.10813851731466434,0.10566716837600656
0.10826353294161771,0.14090212257376886
0.10838854856857108,0.24333600465261096
0.10851356419552445,0.31922491299962047
0.10863857982247782,0.2754262452606867
0.10876359544943119,0.19704846710607976
0.10888861107638456,0.07146972375655375
0.10901362670333792,0.1577968555179219
0.10913864233029129,0.1295508418909181
0.10926365795724466,0.09892103136974693
0.10938867358419803,-0.03985630941964844
0.1095136892111514,0.05254457198291608
0.10963870483810477,0.18325893367015547
0.10976372046505814,0.08070979497009739
0.10988873609201151,0.18179903888757382
0.11001375171896488,0.20852710156773213
0.11013876734591825,-0.0013906053568564392
0.11026378297287162,-0.14818984741013067
0.11038879859982499,-0.17470271887100913
0.11051381422677835,0.03257811598071428
0.11063882985373172,0.09361463798107615
0.11076384548068509,-0.2736635807345988
0.11088886110763846,-0.10138724416090686
0.11101387673459183,-0.06928742506318394
0.1111388923615452,-0.007375804815078036
0.11126390798849857,-0.1922829853968241
0.11138892361545194,-0.2031303468708583
0.11151393924240531,-0.3125204625039412
0.11163895486935868,-0.08379615781089601
0.11176397049631205,-0.1883694096289836
0.11188898612326542,-0.1634321901509773
0.11201400175021878,-0.14549058438129864
0.11213901737717215,-0.10721951363454886
0.11226403300412552,0.10086320242933569
0.11238904863107889,-0.20362272541765808
0.11251406425803226,-0.028399184314824882
0.11263907988498563,-0.28098465443101805
0.112764095511939,0.013721990937406356
0.11288911113889237,-0.14244251359405735
0.11301412676584574,-0.1292723843042501
0.11313914239279911,-0.29339210642768254
0.11326415801975248,-0.20887815579082464
0.11338917364670585,-0.20756292819064517
0.11351418927365922,-0.4251512022963211
0.11363920490061258,-0.26196914885655576
0.11376422052756595,-0.18648457748931258
0.11388923615451932,-0.2504250209326575
0.11401425178147269,-0.35405774563426123
0.11413926740842606,-0.2424494604781797
0.11426428303537943,-0.2825429959930639
0.1143892986623328,-0.1271130454351322
0.11451431428928617,-0.3408906689403621
0.11463932991623954,-0.257909574494553
0.11476434554319291,-0.4055536891047467
0.11488936117014628,-0.5328075798503611
0.11501437679709965,-0.32881720815590343
0.11513939242405301,-0.2818484776494034
0.11526440805100638,-0.3723078060017904
0.11538942367795975,-0.2984258881757114
0.11551443930491312,-0.3987169258499388
0.11563945493186649,-0.5905555278877828
0.11576447055881986,-0.5852409332738326
0.11588948618577323,-0.5071526976785917
0.1160145018127266,-0.6869211380995424
0.11613951743967997,-0.5732425227586858
0.11626453306663334,-0.5469394760041132
0.11638954869358671,-0.38092823020143946
0.11651456432054008,-0.5465193493489898
0.11663957994749344,-0.6256380740250367
0.11676459557444681,-0.7680320493318183
0.11688961120140018,-0.5681277380737604
0.11701462682835355,-0.3796435483745463
0.11713964245530692,-0.6888819499336288
0.11726465808226029,-0.7336160088547061
0.11738967370921366,-0.47313162188725777
0.11751468933616703,-0.7826490927805138
0.1176397049631204,-0.6425757290925347
0.11776472059007377,-0.8480426191200439
0.11788973621702714,-0.5954515415619175
0.11801475184398051,-0.5985128545721837
0.11813976747093387,-0.6918227372964642
0.11826478309788724,-0.5819903960779588
0.11838979872484061,-0.6996759974948961
0.11851481435179398,-0.5656858018498968
0.11863982997874735,-0.578696010472076
0.11876484560570072,-0.4376026699071288
0.11888986123265409,-0.31487372451102835
0.11901487685960746,-0.44826733528753615
0.11913989248656083,-0.2250214436208412
0.1192649081135142,-0.3744384158757277
0.11938992374046757,-0.14957441258367551
0.11951493936742094,-0.22974365693542623
0.1196399549943743,-0.18960852467492384
0.11976497062132767,0.05240043144862406
0.11988998624828104,-0.17336841922536772
0.12001500187523441,0.09853545231386746
0.12014001750218778,-0.04679703829958055
0.12026503312914115,0.021268883972649148
0.12039004875609452,0.15708316052472202
0.12051506438304789,0.08109108517539629
0.12064008001000126,0.1861858992347595
0.12076509563695463,0.27526813838179903
0.120890111263908,0.3051403952782443
0.12101512689086137,0.3587454277481366
0.12114014251781474,0.4278770385195237
0.1212651581447681,0.4735722648899971
0.12139017377172147,0.4852843789922058
0.12151518939867484,0.6541965691985908
0.12164020502562821,0.6736917131216027
0.12176522065258158,0.4888344816167767
0.12189023627953495,0.6362529938855571
0.12201525190648832,0.7249657253850063
0.12214026753344169,0.6767097118678592
0.12226528316039506,0.7847744040546787
0.12239029878734843,0.45148936309347193
0.1225153144143018,0.3657926108524187
0.12264033004125517,0.768720378868466
0.12276534566820853,0.5111377432702603
0.1228903612951619,0.7260418055382994
0.12301537692211527,0.6692097037800631
0.12314039254906864,0.6461043562863917
0.12326540817602201,0.6693354313154363
0.12339042380297538,0.6185216338918439
0.12351543942992875,0.624701311497546
0.12364045505688212,0.4882788038030266
0.12376547068383549,0.5808604367003867
0.12389048631078886,0.5378835906594583
0.12401550193774223,0.5892095491215092
0.1241405175646956,0.49434742069980575
0.12426553319164896,0.35779154548279535
0.12439054881860233,0.5838604499576869
0.1245155644455557,0.5582336600680539
0.12464058007250907,0.4805680866324891
0.12476559569946244,0.27232984788868214
0.12489061132641581,0.44949286481238415
0.12501562695336918,0.2539651875591073
0.12514064258032254,0.3021946506531309
0.12526565820727592,0.21725491798439034
0.12539067383422928,0.3156603252333644
0.12551568946118266,0.29729459681498627
0.12564070508813602,0.4120349600120012
0.1257657207150894,0.44293626332052755
0.12589073634204276,0.21606244665617935
0.12601575196899614,0.4149570587864026
0.1261407675959495,0.3565355631599321
0.12626578322290288,0.2815991578539085
0.12639079884985624,0.14181129995102676
0.1265158144768096,0.16743223988396008
0.12664083010376298,0.13933021974624143
0.12676584573071634,0.08715134991150396
0.12689086135766972,0.30227598251738125
0.12701587698462308,0.0442308940412134
0.12714089261157646,0.19961170779043183
0.12726590823852982,0.20479474313560225
0.1273909238654832,0.2241894738237666
0.12751593949243656,0.19820357004916359
0.12764095511938994,0.05342224355104293
0.1277659707463433,0.3329518209074447
0.12789098637329668,0.08059230859857158
0.12801600200025004,0.08692597236291334
0.1281410176272034,0.07021308913984778
0.12826603325415678,0.07027746494218806
0.12839104888111014,-0.022291497131994107
0.12851606450806352,0.15776804209753967
0.12864108013501688,0.2628579905793287
0.12876609576197026,0.34229210706676044
0.12889111138892362,0.12254277514854589
0.129016127015877,-0.02416341120663258
0.12914114264283036,0.2472339620761034
0.12926615826978374,-0.06176068714980018
0.1293911738967371,0.026533729557974766
0.12951618952369048,0.06222605661918031
0.12964120515064384,0.11973832502061295
0.1297662207775972,0.021504487285465015
0.12989123640455058,-0.1254506452952148
0.13001625203150394,0.04814126177590837
0.13014126765845732,-0.37316571285994554
0.13026628328541068,-0.14995153217817114
0.13039129891236406,0.045517347544818745
0.13051631453931742,0.018722164399144606
0.1306413301662708,0.12557175729255105
0.13076634579322416,-0.2824596864107222
0.13089136142017754,-0.21642920685104577
0.1310163770471309,-0.09027575702578272
0.13114139267408426,-0.15360693523134095
0.13126640830103764,-0.021005233339078895
0.131391423927991,-0.05945000038553127
0.13151643955494438,-0.058773444841684966
0.13164145518189774,-0.22534677631064792
0.13176647080885112,-0.22239382232565966
0.13189148643580448,-0.03482617820300096
0.13201650206275786,-0.1630028315967117
0.13214151768971122,-0.16880902389455482
0.1322665333166646,-0.14814384589449167
0.13239154894361796,-0.079478488417344
0.13251656457057134,-0.1963260480099656
0.1326415801975247,-0.19235173152584276
0.13276659582447806,-0.08310425917689868
0.13289161145143144,-0.1814261682615113
0.1330166270783848,-0.16543572663436001
0.13314164270533818,-0.34009282700236626
0.13326665833229154,-0.224292701494702
0.13339167395924492,-0.06715383787700005
0.13351668958619828,-0.2751212230890452
0.13364170521315166,-0.10108804459283519
0.13376672084010502,-0.28633327949411524
0.1338917364670584,-0.35845210037226544
0.13401675209401176,-0.2139479919262529
0.13414176772096512,-0.19641258738144873
0.1342667833479185,-0.1574676390696372
0.13439179897487186,-0.44689504983346284
0.13451681460182524,-0.33581475487183854
0.1346418302287786,-0.283328949180455
0.13476684585573198,-0.4070806893615952
0.13489186148268534,-0.4448621780141669
0.13501687710963872,-0.21818730532193212
0.13514189273659208,-0.2117621594909559
0.13526690836354546,-0.43175952812018037
0.13539192399049882,-0.2243349896984168
0.1355169396174522,-0.432340620899615
0.13564195524440556,-0.32372770043728244
0.13576697087135892,-0.24998395821280311
0.1358919864983123,-0.5264114392371024
0.13601700212526566,-0.5612432316960626
0.13614201775221904,-0.6820161301431398
0.1362670333791724,-0.5470278622376954
0.13639204900612578,-0.5025725014043014
0.13651706463307914,-0.6662385372950307
0.13664208026003252,-0.687055686596933
0.13676709588698588,-0.5047982427681162
0.13689211151393926,-0.8034910727723128
0.13701712714089262,-0.7190632977772031
0.137142142767846,-0.7879929701240871
0.13726715839479936,-0.607896519211486
0.13739217402175272,-0.576003228631214
0.1375171896487061,-0.5707209217638175
0.13764220527565946,-0.7473518906536991
0.13776722090261284,-0.8698933939593141
0.1378922365295662,-0.6058466072745787
0.13801725215651958,-0.7959536536574399
0.13814226778347294,-0.6960979651077065
0.13826728341042632,-0.5347384954366335
0.13839229903737968,-0.5130979490516014
0.13851731466433306,-0.5646153396475718
0.13864233029128642,-0.4512248634269501
0.13876734591823978,-0.45278207356514844
0.13889236154519316,-0.335472308119346
0.13901737717214652,-0.41497197202028097
0.1391423927990999,-0.42758770214625513
0.13926740842605326,-0.31919058686055235
0.13939242405300664,-0.2958490581008399
0.13951743967996,-0.2751906958172539
0.13964245530691338,-0.20088940874299965
0.13976747093386674,0.12110323748924548
0.13989248656082012,0.12318295055659599
0.14001750218777348,-0.05035922805988776
0.14014251781472686,0.20202308528236018
0.14026753344168022,0.21489629793019677
0.14039254906863358,0.2024557347185898
0.14051756469558696,0.24273851382103723
0.14064258032254032,0.2042275683183747
0.1407675959494937,0.2595231835915182
0.14089261157644706,0.3855216395454776
0.14101762720340044,0.33409147097843744
0.1411426428303538,0.44486955158718516
0.14126765845730718,0.4532143066203831
0.14139267408426054,0.5840465751273117
0.14151768971121392,0.7343385314128882
0.14164270533816728,0.4445336309524069
0.14176772096512064,0.65670226605857
0.14189273659207402,0.7329004307572532
0.14201775221902738,0.6920172701814975
0.14214276784598076,0.7457115234514159
0.14226778347293412,0.6267465229260055
0.1423927990998875,0.6881832875242353
0.14251781472684086,0.6279316239578616
0.14264283035379424,0.7267183156119252
0.1427678459807476,0.48838498191821045
0.14289286160770098,0.6655125384522811
0.14301787723465434,0.7427449093550771
0.14314289286160772,0.6377590252914558
0.14326790848856108,0.6873006526407066
0.14339292411551444,0.4992887235501261
0.14351793974246782,0.49946914680254884
0.14364295536942118,0.59879887022655
0.14376797099637456,0.43278231583368143
0.14389298662332792,0.49717721703487733
0.1440180022502813,0.5228184364729931
0.14414301787723466,0.32374213535511165
0.14426803350418804,0.5955357546383931
0.1443930491311414,0.37516865747064027
0.14451806475809478,0.2616252005406743
0.14464308038504814,0.4315555353891602
0.14476809601200152,0.38872814861529953
0.14489311163895488,0.22841126984944796
0.14501812726590824,0.3302501726457321
0.14514314289286162,0.30449454432167466
0.14526815851981498,0.3459608063703905
0.14539317414676836,0.24086873647341328
0.14551818977372172,0.20017732426568674
0.1456432054006751,0.3064233503533834
0.14576822102762846,0.3149226234137737
0.14589323665458184,0.3020141989627648
0.1460182522815352,0.2067496942236135
0.14614326790848858,0.1079307579983706
0.14626828353544194,0.3051618077983632
0.1463932991623953,0.18256646803978122
0.14651831478934868,0.19415827472811426
0.14664333041630204,0.32623172631187924
0.14676834604325542,0.39458841087995494
0.14689336167020878,0.34528877428393917
0.14701837729716216,0.32415462737644757
0.14714339292411552,0.36499213700898375
0.1472684085510689,0.20682866595357974
0.14739342417802226,0.23365701042069814
0.14751843980497564,0.33159228449688144
0.147643455431929,0.2049462623262928
0.14776847105888238,0.17910791695249406
0.14789348668583574,0.14000915969288025
0.1480185023127891,0.12409703847029967
0.14814351793974248,0.17711591415672545
0.14826853356669584,0.17405197954047438
0.14839354919364922,0.04773145874265142
0.14851856482060258,0.04348713210204912
0.14864358044755596,0.20586072290977306
0.14876859607450932,0.004524242445761641
0.1488936117014627,0.08800518569279903
0.14901862732841606,0.08750101704336632
0.14914364295536944,-0.03064855023259103
0.1492686585823228,0.07533952814901906
0.14939367420927616,-0.004070138092206328
0.14951868983622954,-0.05480575728090031
0.1496437054631829,-0.036244670254671665
0.14976872109013628,-0.11111968672649947
0.14989373671708964,-0.046001674450463666
0.15001875234404302,0.018385442366289945
0.15014376797099638,-0.07177218531494389
0.15026878359794976,-0.059784424879241724
0.15039379922490312,-0.14983499908333595
0.1505188148518565,-0.1381210704931905
0.15064383047880986,0.00275009970761266
0.15076884610576324,-0.10847542866540638
0.1508938617327166,-0.13307414373764562
0.15101887735966996,-0.018124669243387022
0.15114389298662334,-0.05692386329530456
0.1512689086135767,0.066824610522772
0.15139392424053008,-0.028716791591240402
0.15151893986748344,-0.20229854946636228
0.15164395549443682,-0.003049588854604159
0.15176897112139018,0.10389218724999409
0.15189398674834356,-0.1867012329145416
0.15201900237529692,-0.16437585411190192
0.1521440180022503,-0.07705846249132288
0.15226903362920366,-0.03155308788198331
0.15239404925615704,-0.12224490142042649
0.1525190648831104,-0.10543079806449729
0.15264408051006376,-0.3573842012743826
0.15276909613701714,-0.38620499208708153
0.1528941117639705,-0.05893059132809934
0.15301912739092388,-0.2665946099739536
0.15314414301787724,-0.10275999101208004
0.15326915864483062,-0.29747187806693653
0.15339417427178398,-0.08610767598605272
0.15351918989873736,-0.18485259355618555
0.15364420552569072,-0.23638332737325243
0.1537692211526441,-0.2044321511103387
0.15389423677959746,-0.18892072039563965
0.15401925240655082,-0.26433182549011564
0.1541442680335042,-0.16194411684248716
0.15426928366045756,-0.28612392660401015
0.15439429928741094,-0.3657420124290009
0.1545193149143643,-0.23909761100423682
0.15464433054131768,-0.3037976404362551
0.15476934616827104,-0.4600877374990231
0.15489436179522442,-0.23762490067354997
0.15501937742217778,-0.5055925644710588
0.15514439304913116,-0.45399223636738256
0.15526940867608452,-0.3652411106121804
0.1553944243030379,-0.3647127618279487
0.15551943992999126,-0.41102466041934776
0.15564445555694462,-0.593179960122054
0.155769471183898,-0.28145715513293323
0.15589448681085136,-0.5279500024467952
0.15601950243780474,-0.5696514908187481
0.1561445180647581,-0.45089272361951543
0.15626953369171148,-0.5286422569074062
0.15639454931866484,-0.5606642001478706
0.15651956494561822,-0.5899163326158225
0.15664458057257158,-0.624789042514639
0.15676959619952496,-0.6950809452431028
0.15689461182647832,-0.696940473578319
0.15701962745343168,-0.5856177443313629
0.15714464308038506,-0.6555418710126735
0.15726965870733842,-0.6503957569854419
0.1573946743342918,-0.5066546437156831
0.15751968996124516,-0.9157435895686501
0.15764470558819854,-0.756603169321353
0.1577697212151519,-0.7877893440260039
0.15789473684210528,-0.8070787595716479
0.15801975246905864,-0.7019707461824228
0.15814476809601202,-0.5995454811608164
0.15826978372296538,-0.6833441208546905
0.15839479934991876,-0.5565298909451343
0.15851981497687212,-0.5077576509950151
0.15864483060382548,-0.6237529702296938
0.15876984623077886,-0.4190625378028381
0.15889486185773222,-0.3732715759444771
0.1590198774846856,-0.2047309491772271
0.15914489311163896,-0.29134215381256584
0.15926990873859234,-0.2781287013762658
0.1593949243655457,-0.34083703848381697
0.15951993999249908,-0.29522273421407674
0.15964495561945244,-0.10256874892635692
0.15976997124640582,-0.21601257981454489
0.15989498687335918,-0.06111194385500551
0.16002000250031256,0.01381940382537727
0.16014501812726592,0.13770753624340337
0.16027003375421928,0.2140649874642732
0.16039504938117266,0.2024570355934004
0.16052006500812602,0.33100785149507705
0.1606450806350794,0.4116927465327751
0.16077009626203276,0.34701040762115215
0.16089511188898614,0.40605072856444735
0.1610201275159395,0.2872251478794649
0.16114514314289288,0.3482203133688845
0.16127015876984624,0.34887308595846506
0.16139517439679962,0.573303377366156
0.16152019002375298,0.4815268762495414
0.16164520565070634,0.7807826955390381
0.16177022127765972,0.5910323825031328
0.16189523690461308,0.7016658987736508
0.16202025253156646,0.7116700278567567
0.16214526815851982,0.6238599438529109
0.1622702837854732,0.6997046064381155
0.16239529941242656,0.7166756716605919
0.16252031503937994,0.5712942578311354
0.1626453306663333,0.6878501252331786
0.16277034629328668,0.5830000303296456
0.16289536192024004,0.7137134230030675
0.16302037754719342,0.5786309260435929
0.16314539317414678,0.6814008390010228
0.16327040880110014,0.5617449551133343
0.16339542442805352,0.7111437378470302
0.16352044005500688,0.7267296796629029
0.16364545568196026,0.5655857809580516
0.16377047130891362,0.4516147579909787
0.163895486935867,0.5401705228355983
0.16402050256282036,0.5969970167869766
0.16414551818977374,0.6336407480407761
0.1642705338167271,0.5915337151908483
0.16439554944368048,0.36843312556201946
0.16452056507063384,0.4655134668026639
0.1646455806975872,0.4261872356671161
0.16477059632454058,0.5182014516288136
0.16489561195149394,0.4544930720819295
0.16502062757844732,0.3365065641471157
0.16514564320540068,0.4429718375886912
0.16527065883235406,0.12625011660168228
0.16539567445930742,0.35982330737126716
0.1655206900862608,0.1010713005018288
0.16564570571321416,0.1300769707608739
0.16577072134016754,0.23267067080802079
0.1658957369671209,0.05652934818727524
0.16602075259407428,0.17925612892350082
0.16614576822102764,0.2835282886357548
0.166270783847981,0.1862429671722149
0.16639579947493438,0.1935493408747893
0.16652081510188774,0.21095730723186407
0.16664583072884112,0.46249459123797587
0.16677084635579448,0.3061062925916467
0.16689586198274786,0.3062322974585368
0.16702087760970122,0.14107386538464198
0.1671458932366546,0.2543266619461592
0.16727090886360796,0.23385717385927943
0.16739592449056134,0.1236436751263813
0.1675209401175147,0.15494448517554765
0.16764595574446806,-0.034569259889736026
0.16777097137142144,0.17941591858204636
0.1678959869983748,0.3154452990691841
0.16802100262532818,0.15417439742320826
0.16814601825228154,0.03104535921095514
0.16827103387923492,0.19026122263621292
0.16839604950618828,0.2028343638981977
0.16852106513314166,0.2174901017713829
0.16864608076009502,0.11957316355670583
0.1687710963870484,0.24836170160336404
0.16889611201400176,0.09542562330647066
0.16902112764095514,0.37209003120814754
0.1691461432679085,0.016819689384849526
0.16927115889486186,-0.02044681056803877
0.16939617452181524,0.09262671587020108
0.1695211901487686,0.15618796344984562
0.16964620577572198,-0.029446003620927464
0.16977122140267534,0.1825245259709611
0.16989623702962872,-0.01318253643049621
0.17002125265658208,-0.012303489413398913
0.17014626828353546,-0.017526787128203408
0.17027128391048882,-0.14531690953989304
0.1703962995374422,-0.04467109045610602
0.17052131516439556,-0.10789112611870293
0.17064633079134894,-0.07550058774679118
0.1707713464183023,-0.011544123012230751
0.17089636204525566,0.08942478764772424
0.17102137767220904,0.01041919285730156
0.1711463932991624,-0.28184654589817065
0.17127140892611578,0.048862460340155345
0.17139642455306914,-0.267681919072249
0.17152144018002252,0.01666083894619374
0.17164645580697588,-0.14796541523560494
0.17177147143392926,-0.15862006507771914
0.17189648706088262,-0.20823803144379005
0.172021502687836,-0.07187876935664922
0.17214651831478936,-0.14345660078499733
0.17227153394174272,-0.21290046007426908
0.1723965495686961,-0.1978099578729305
0.17252156519564946,-0.3229874786885652
0.17264658082260284,-0.15265811092276638
0.1727715964495562,0.0005957753001031101
0.17289661207650958,-0.3484506643768402
0.17302162770346294,-0.02533840765430468
0.17314664333041632,-0.20583661322481817
0.17327165895736968,-0.37795487931799604
0.17339667458432306,-0.22371511788600076
0.17352169021127642,-0.2732346014453927
0.1736467058382298,-0.14354267869385032
0.17377172146518316,-0.17191441637427496
0.17389673709213652,-0.2312134958621236
0.1740217527190899,-0.37142468360106745
0.17414676834604326,-0.21779609383056525
0.17427178397299664,-0.19175236802053416
0.17439679959995,-0.25340742053460713
0.17452181522690338,-0.2665190606638615
0.17464683085385674,-0.24514452054645666
0.17477184648081012,-0.24080316199248794
0.17489686210776348,-0.35839764997855833
0.17502187773471686,-0.41666617394161043
0.17514689336167022,-0.5031333510380867
0.17527190898862358,-0.49024284855312406
0.17539692461557696,-0.42258422792510203
0.17552194024253032,-0.47350859757141034
0.1756469558694837,-0.42900755961822346
0.17577197149643706,-0.3322722387408812
0.17589698712339044,-0.5609470989872124
0.1760220027503438,-0.46484078918087923
0.17614701837729718,-0.7497211434385551
0.17627203400425054,-0.6510875607103658
0.17639704963120392,-0.5280469676045679
0.17652206525815728,-0.7463138537209817
0.17664708088511066,-0.7787450941166435
0.17677209651206402,-0.784832563574791
0.17689711213901738,-0.7631340338463386
0.17702212776597076,-0.7532577632701217
0.17714714339292412,-0.7380980916419416
0.1772721590198775,-0.5715107538283369
0.17739717464683086,-0.5340783172680849
0.17752219027378424,-0.5555574757010245
0.1776472059007376,-0.6085687806017688
0.17777222152769098,-0.48859873881946314
0.17789723715464434,-0.6465722692142196
0.17802225278159772,-0.5742243278049615
0.17814726840855108,-0.412200211077367
0.17827228403550446,-0.7037010239615158
0.17839729966245782,-0.5588142967343779
0.17852231528941118,-0.4662721222124739
0.17864733091636456,-0.5906139174970438
0.17877234654331792,-0.4580633106160588
0.1788973621702713,-0.5593434028614467
0.17902237779722466,-0.3881077215272324
0.17914739342417804,-0.3113032761742404
0.1792724090511314,-0.33879363236107674
0.17939742467808478,-0.3318606001656318
0.17952244030503814,-0.3126607844573828
0.17964745593199152,-0.07776453864607828
0.17977247155894488,-0.06737836034487894
0.17989748718589824,-0.09512131812813589
0.18002250281285162,0.02359317467885204
0.18014751843980498,0.09093595864110288
0.18027253406675836,0.3039816688993215
0.18039754969371172,0.35889661516552035
0.1805225653206651,0.19187648852259445
0.18064758094761846,0.189866583632944
0.18077259657457184,0.28384210934982435
0.1808976122015252,0.6114188946576448
0.18102262782847858,0.3705117120925272
0.18114764345543194,0.41779187421631386
0.18127265908238532,0.7078118271959446
0.18139767470933868,0.5563660465016727
0.18152269033629204,0.5655811276740608
0.18164770596324542,0.47390999804740225
0.18177272159019878,0.4910766425871695
0.18189773721715216,0.4866258512647869
0.18202275284410552,0.7501155449316417
0.1821477684710589,0.42085262463450274
0.18227278409801226,0.5765124434665795
0.18239779972496564,0.6965848680266539
0.182522815351919,0.5412789189229271
0.18264783097887238,0.6872922410102414
0.18277284660582574,0.5450708395801035
0.1828978622327791,0.6990997936808345
0.18302287785973248,0.8053816017762655
0.18314789348668584,0.707046877722258
0.18327290911363922,0.6888953048154399
0.18339792474059258,0.6180555548454991
0.18352294036754596,0.6439942437108549
0.18364795599449932,0.481264617979521
0.1837729716214527,0.6007869268219775
0.18389798724840606,0.5349932863271617
0.18402300287535944,0.4254838188181352
0.1841480185023128,0.5797338379637239
0.18427303412926618,0.648239551196058
0.18439804975621954,0.2941725188649321
0.1845230653831729,0.4657948022394682
0.18464808101012628,0.4649897398001395
0.18477309663707964,0.48584141340186715
0.18489811226403302,0.5330144739259436
0.18502312789098638,0.263798961194804
0.18514814351793976,0.5013512908334973
0.18527315914489312,0.12631004387795336
0.1853981747718465,0.3102654015412268
0.18552319039879986,0.21392377974152127
0.18564820602575324,0.3963966674743509
0.1857732216527066,0.5271177887604805
0.18589823727965998,0.22164200693279532
0.18602325290661334,0.21629768020122128
0.1861482685335667,0.2022269438669774
0.18627328416052008,0.2565900903818265
0.18639829978747344,0.38917740452117205
0.18652331541442682,0.0736492463505222
0.18664833104138018,0.319965124233083
0.18677334666833356,0.037960032237831835
0.18689836229528692,0.26447952117022666
0.1870233779222403,0.2615535290902776
0.18714839354919366,0.2814030379826432
0.18727340917614704,0.1749485665155286
0.1873984248031004,0.2720546598293467
0.18752344043005376,0.14691180845122767
0.18764845605700714,0.07000962016645067
0.1877734716839605,0.1961990565674248
0.18789848731091388,0.36210142234366954
0.18802350293786724,0.14064001974404544
0.18814851856482062,0.1757276471386094
0.18827353419177398,0.32605072038050287
0.18839854981872736,0.254524621496716
0.18852356544568072,-0.05964085908079493
0.1886485810726341,0.047990596428136086
0.18877359669958746,0.26978082979398516
0.18889861232654084,0.17314362938842834
0.1890236279534942,-0.062024658784332824
0.18914864358044756,0.01820567950794985
0.18927365920740094,0.06856188551517604
0.1893986748343543,0.007330926181820755
0.18952369046130768,-0.03275877394085308
0.18964870608826104,-0.1797976366705255
0.18977372171521442,0.06263398815172823
0.18989873734216778,0.003820759240589039
0.19002375296912116,0.056137344419582715
0.19014876859607452,0.04758165651220728
0.1902737842230279,0.038357745503982764
0.19039879984998126,0.09006579021891704
0.19052381547693462,-0.1563543046112042
0.190648831103888,0.06554811228139343
0.19077384673084136,0.032128343338803204
0.19089886235779474,0.12186850225813983
0.1910238779847481,-0.15850857514512826
0.19114889361170148,0.07453512340662637
0.19127390923865484,-0.21732060044253032
0.19139892486560822,-0.03919760100483027
0.19152394049256158,-0.1958317895947503
0.19164895611951496,-0.09244889302394226
0.19177397174646832,0.1641645352365007
0.1918989873734217,-0.10910807648714128
0.19202400300037506,-0.10799156131055507
0.19214901862732842,-0.1480880415233583
0.1922740342542818,-0.2064423959086731
0.19239904988123516,0.07968709860740268
0.19252406550818854,-0.16121254279611522
0.1926490811351419,-0.09531437168578243
0.19277409676209528,-0.2362352558612711
0.19289911238904864,-0.2035223546152526
0.19302412801600202,-0.1349266833013418
0.19314914364295538,-0.33972840682397143
0.19327415926990876,-0.2819376225407081
0.19339917489686212,-0.24455291431197704
0.1935241905238155,-0.42142007187565783
0.19364920615076886,-0.16196732350284118
0.19377422177772222,-0.07672005577270871
0.1938992374046756,-0.14862822383428162
0.19402425303162896,-0.2153779339056996
0.19414926865858234,-0.22005503135447022
0.1942742842855357,-0.3987275798942197
0.19439929991248908,-0.04768069753994629
0.19452431553944244,-0.3211944636794006
0.19464933116639582,-0.43545633594998845
0.19477434679334918,-0.2963412265695105
0.19489936242030256,-0.24763517982060756
0.19502437804725592,-0.2537759928038274
0.19514939367420928,-0.24424111501505064
0.19527440930116266,-0.3940726276829654
0.19539942492811602,-0.6217276418555591
0.1955244405550694,-0.5283692074116653
0.19564945618202276,-0.5737367810500422
0.19577447180897614,-0.45615410196705414
0.1958994874359295,-0.7296355661370856
0.19602450306288288,-0.5632658084351194
0.19614951868983624,-0.5691056435257754
0.19627453431678962,-0.5246493279113976
0.19639954994374298,-0.6604822890800256
0.19652456557069636,-0.8304676716449906
0.19664958119764972,-0.59992598861671
0.19677459682460308,-0.7271610272792356
0.19689961245155646,-0.4782522658806365
0.19702462807850982,-0.5554175577558
0.1971496437054632,-0.5934913810314258
0.19727465933241656,-0.7600637744777635
0.19739967495936994,-0.7274860768682552
0.1975246905863233,-0.6564213315038843
0.19764970621327668,-0.6161069609567664
0.19777472184023004,-0.6449109121531807
0.19789973746718342,-0.596342978154475
0.19802475309413678,-0.7048189944299444
0.19814976872109014,-0.6810742231399404
0.19827478434804352,-0.6451814091066282
0.19839979997499688,-0.768852323829767
0.19852481560195026,-0.3789979979312528
0.19864983122890362,-0.6834387207520776
0.198774846855857,-0.49528901282183974
0.19889986248281036,-0.35085700889993393
0.19902487810976374,-0.37753488301030713
0.1991498937367171,-0.3785622013878453
0.19927490936367048,-0.30968841780305517
0.19939992499062384,-0.1941997879574775
0.19952494061757722,-0.2343080351715507
0.19964995624453058,-0.412327663451252
0.19977497187148394,0.03402852514200497
0.19989998749843732,0.09633620534526362
0.20002500312539068,0.0725058156396755
0.20015001875234406,0.04865561657848776
0.20027503437929742,0.07913945155153293
0.2004000500062508,0.10781321236183225
0.20052506563320416,0.4057542825962323
0.20065008126015754,0.34342819691455523
0.2007750968871109,0.18979639069997556
0.20090011251406428,0.22974843805347062
0.20102512814101764,0.2376204401356393
0.20115014376797102,0.6553101751622035
0.20127515939492438,0.4969973650018494
0.20140017502187774,0.5124519279112589
0.20152519064883112,0.6638366195978924
0.20165020627578448,0.5904099844566764
0.20177522190273786,0.45937386812978026
0.20190023752969122,0.8019589255229699
0.2020252531566446,0.7127571478794318
0.20215026878359796,0.35385321342852893
0.20227528441055134,0.6979105400272422
0.2024003000375047,0.6146754237156592
0.20252531566445808,0.564865403888895
0.20265033129141144,0.6607978504743319
0.2027753469183648,0.7463133823482492
0.20290036254531818,0.5641622042238166
0.20302537817227154,0.594453825825015
0.20315039379922492,0.6965981189545845
0.20327540942617828,0.7220578432235697
0.20340042505313166,0.7728601520241861
0.20352544068008502,0.6318317600656091
0.2036504563070384,0.6764890666406561
0.20377547193399176,0.5588844171138775
0.20390048756094514,0.4876748453133756
0.2040255031878985,0.49863457997227567
0.20415051881485188,0.5082541355864694
0.20427553444180524,0.46294308256646116
0.2044005500687586,0.42419761222677327
0.20452556569571198,0.32748576362775966
0.20465058132266534,0.3204366456424144
0.20477559694961872,0.48332399690111566
0.20490061257657208,0.23251738649444859
0.20502562820352546,0.4267676626528113
0.20515064383047882,0.3349771900055224
0.2052756594574322,0.27460455021205477
0.20540067508438556,0.21854701682666347
0.20552569071133894,0.35532134295995577
0.2056507063382923,0.2219326688639027
0.20577572196524566,0.29161784425883414
0.20590073759219904,0.3254707584412893
0.2060257532191524,-0.020180931466725307
0.20615076884610578,0.2437996909929249
0.20627578447305914,0.11110788007768638
0.20640080010001252,0.18578216648419613
0.20652581572696588,0.35431518288376457
0.20665083135391926,0.012870920805251013
0.20677584698087262,0.3450153755419774
0.206900862607826,0.3014544160996853
0.20702587823477936,-0.040561507278576485
0.20715089386173274,0.31537671217661434
0.2072759094886861,0.26291980566156764
0.20740092511563946,0.21660102842526427
0.20752594074259284,0.14267352923570836
0.2076509563695462,0.1593677638947894
0.20777597199649958,0.30446236647876496
0.20790098762345294,0.26153409020391344
0.20802600325040632,0.1499767665555894
0.20815101887735968,0.31103525317546704
0.20827603450431306,0.22633802529924818
0.20840105013126642,0.14724881926633332
0.2085260657582198,0.11920701015472594
0.20865108138517316,0.2243935686860897
0.20877609701212654,0.09606878363480655
0.2089011126390799,0.09788018740412485
0.20902612826603326,0.07926651839957545
0.20915114389298664,-0.04637530055499917
0.20927615951994,0.11502996393555569
0.20940117514689338,0.05033687263769095
0.20952619077384674,0.10354908942290565
0.20965120640080012,0.003302934158848198
0.20977622202775348,-0.08084397684406386
0.20990123765470686,0.09371666697353062
0.21002625328166022,0.13357668018800972
0.2101512689086136,-0.23484136147869095
0.21027628453556696,-0.028274142519656535
0.21040130016252032,-0.06821111343735496
0.2105263157894737,-0.18551497183262564
0.21065133141642706,-0.01857494597057582
0.21077634704338044,-0.1683376584297828
0.2109013626703338,-0.3814488869796832
0.21102637829728718,0.052302140270168516
0.21115139392424054,-0.27995852020344153
0.21127640955119392,-0.1431342685303902
0.21140142517814728,0.030271550173810086
0.21152644080510066,-0.23789778289540026
0.21165145643205402,-0.23748774654697155
0.2117764720590074,-0.24447637313834203
0.21190148768596076,-0.295506759758241
0.21202650331291412,-0.4333715434900489
0.2121515189398675,-0.1868465774175377
0.21227653456682086,-0.22831652029504537
0.21240155019377424,-0.22007426233832939
0.2125265658207276,-0.21468790085627493
0.21265158144768098,-0.18016826265323801
0.21277659707463434,-0.17840722503841905
0.21290161270158772,-0.268591420541034
0.21302662832854108,-0.40534365869883154
0.21315164395549446,-0.07869017010561206
0.21327665958244782,-0.1441563616896871
0.21340167520940118,-0.22152342416373932
0.21352669083635456,-0.20370857490646024
0.21365170646330792,-0.3246081459295604
0.2137767220902613,-0.15310322872889948
0.21390173771721466,-0.27500257960169
0.21402675334416804,-0.44259482300487574
0.2141517689711214,-0.30416967230648473
0.21427678459807478,-0.42925835889208175
0.21440180022502814,-0.27526875332696604
0.21452681585198152,-0.2930387432612222
0.21465183147893488,-0.18911666406401567
0.21477684710588826,-0.2985842936460348
0.21490186273284162,-0.5709853989772038
0.21502687835979498,-0.41186108454898124
0.21515189398674836,-0.4138851295455363
0.21527690961370172,-0.3735743583394123
0.2154019252406551,-0.441673650317528
0.21552694086760846,-0.636520724506326
0.21565195649456184,-0.5449353431389484
0.2157769721215152,-0.504830806753672
0.21590198774846858,-0.3048500365164606
0.21602700337542194,-0.45538505056662804
0.21615201900237532,-0.3370137584731532
0.21627703462932868,-0.6830830827047965
0.21640205025628206,-0.5950518990701135
0.21652706588323542,-0.6621994396928635
0.21665208151018878,-0.7633428606098877
0.21677709713714216,-0.5410023477035893
0.21690211276409552,-0.7978764874593098
0.2170271283910489,-0.7011416629398247
0.21715214401800226,-0.7122854532813709
0.21727715964495564,-0.6362091250498207
0.217402175271909,-0.6599558333597881
0.21752719089886238,-0.5748509774710677
0.21765220652581574,-0.6583159410078183
0.21777722215276912,-0.5758707848854445
0.21790223777972248,-0.6785882920132164
0.21802725340667584,-0.584134696370874
0.21815226903362922,-0.5422983168107735
0.21827728466058258,-0.47914692279891535
0.21840230028753596,-0.5813198406315938
0.21852731591448932,-0.6230491475685758
0.2186523315414427,-0.5842271459071801
0.21877734716839606,-0.3781367457237601
0.21890236279534944,-0.26831642590259314
0.2190273784223028,-0.42595624590171777
0.21915239404925618,-0.22447971979349451
0.21927740967620954,-0.2486597514759889
0.21940242530316292,-0.3826039420286538
0.21952744093011628,-0.2931834696735639
0.21965245655706964,-0.09732270903939609
0.21977747218402302,-0.1969515033217256
0.21990248781097638,-0.05830995949855812
0.22002750343792976,-0.05406881260180237
0.22015251906488312,0.030323025003024046
0.2202775346918365,0.04078434668972443
0.22040255031878986,0.29473641150444946
0.22052756594574324,0.22695515669036612
0.2206525815726966,0.11702163351380852
0.22077759719964998,0.1988872589857322
0.22090261282660334,0.3164500617907026
0.2210276284535567,0.2336907524602783
0.22115264408051008,0.48984103713720384
0.22127765970746344,0.5412204115197142
0.22140267533441682,0.3029744468429129
0.22152769096137018,0.45937467644106117
0.22165270658832356,0.6230348422478257
0.22177772221527692,0.776435626631238
0.2219027378422303,0.6190780893323939
0.22202775346918366,0.674189116745025
0.22215276909613704,0.630647573782979
0.2222777847230904,0.598933812006778
0.22240280035004378,0.713462392797181
0.22252781597699714,0.6972608589818967
0.2226528316039505,0.6035582717250956
0.22277784723090388,0.704913276302428
0.22290286285785724,0.7251589638358239
0.22302787848481062,0.8185766853778891
0.22315289411176398,0.4696327435768337
0.22327790973871736,0.7392317117113187
0.22340292536567072,0.6136798167980407
0.2235279409926241,0.5302259203153209
0.22365295661957746,0.47950470774415327
0.22377797224653084,0.5952438329638401
0.2239029878734842,0.5910027643487341
0.22402800350043756,0.5592674916952851
0.22415301912739094,0.6607514472747689
0.2242780347543443,0.5965195298665071
0.22440305038129768,0.46883216167496233
0.22452806600825104,0.5236567755187179
0.22465308163520442,0.25314603868142854
0.22477809726215778,0.3709551343571337
0.22490311288911116,0.23689827261153887
0.22502812851606452,0.33261639196622383
0.2251531441430179,0.2247417674335238
0.22527815976997126,0.3876937906190274
0.22540317539692464,0.21232509568581004
0.225528191023878,0.42660430549205014
0.22565320665083136,0.272221923328261
0.22577822227778474,0.25295964676840993
0.2259032379047381,0.12814588373324212
0.22602825353169148,0.24404172103201638
0.22615326915864484,0.19756705493443627
0.22627828478559822,0.19017757315964545
0.22640330041255158,0.21395456479159755
0.22652831603950496,0.28966116296912947
0.22665333166645832,0.18750987830889684
0.2267783472934117,0.5187493837895872
0.22690336292036506,0.2838602642877748
0.22702837854731844,0.3167992896798599
0.2271533941742718,0.23333677652711537
0.22727840980122516,-0.012349835673839718
0.22740342542817854,0.19936263108764415
0.2275284410551319,0.24954450984981683
0.22765345668208528,0.24141366316447022
0.22777847230903864,0.2736492714935978
0.22790348793599202,0.37642697602383945
0.22802850356294538,0.008798791211016167
0.22815351918989876,0.41087638495566464
0.22827853481685212,0.0910682398613631
0.2284035504438055,-0.023694655547622984
0.22852856607075886,0.26029616755455315
0.22865358169771222,0.1599536333348211
0.2287785973246656,0.13697325121412318
0.22890361295161896,0.1283283120273092
0.22902862857857234,0.03920487297979234
0.2291536442055257,0.1684173819098222
0.22927865983247908,0.10459363394589101
0.22940367545943244,0.1932516196026792
0.22952869108638582,-0.01445706424173718
0.22965370671333918,0.17519263974632854
0.22977872234029256,0.07313552224441999
0.22990373796724592,-0.04233858760914881
0.2300287535941993,-0.1690828655379115
0.23015376922115266,-0.00250338757165398
0.23027878484810602,0.0026080804852096256
0.2304038004750594,-0.009790420983599174
0.23052881610201276,-0.012439827342152954
0.23065383172896614,-0.19497477510805106
0.2307788473559195,-0.11030325771362906
0.23090386298287288,0.03832945646250798
0.23102887860982624,-0.04568694786286356
0.23115389423677962,-0.26427287526329263
0.23127890986373298,-0.013121047100616356
0.23140392549068636,-0.15830865827999574
0.23152894111763972,-0.043731913343159484
0.23165395674459308,-0.23883980883924266
0.23177897237154646,-0.24259463997809172
0.23190398799849982,-0.2758011442232178
0.2320290036254532,-0.3022770693761313
0.23215401925240656,-0.32549649843519535
0.23227903487935994,-0.2362315651972713
0.2324040505063133,-0.1575036455474453
0.23252906613326668,-0.14396756624383159
0.23265408176022004,-0.17939434242877386
0.23277909738717342,-0.2230250174404709
0.23290411301412678,-0.2810468203435003
0.23302912864108016,-0.3085527367926284
0.23315414426803352,-0.1653610750663485
0.23327915989498688,-0.03043130686426632
0.23340417552194026,-0.23329176698259918
0.23352919114889362,-0.15131014912458107
0.233654206775847,-0.4551087790748173
0.23377922240280036,-0.251218415670252
0.23390423802975374,-0.22626273816088177
0.2340292536567071,-0.37529370220744435
0.23415426928366048,-0.18449343999251472
0.23427928491061384,-0.29560100434219805
0.23440430053756722,-0.6808972256692916
0.23452931616452058,-0.2917762753685529
0.23465433179147396,-0.3368948168155898
0.23477934741842732,-0.34420257691054923
0.23490436304538068,-0.34198645795226246
0.23502937867233406,-0.32349374408244935
0.23515439429928742,-0.4184619998810006
0.2352794099262408,-0.34987480558006395
0.23540442555319416,-0.32610940128313803
0.23552944118014754,-0.45402017694153496
0.2356544568071009,-0.26083907754152397
0.23577947243405428,-0.49796528729385714
0.23590448806100764,-0.4214056424394818
0.23602950368796102,-0.5968605106408627
0.23615451931491438,-0.5116447055782977
0.23627953494186774,-0.6328193876056611
0.23640455056882112,-0.5317467814762675
0.23652956619577448,-0.6017705177334389
0.23665458182272786,-0.7533144609437915
0.23677959744968122,-0.7386772383905955
0.2369046130766346,-0.7679075103950077
0.23702962870358796,-0.669216780919265
0.23715464433054134,-0.6903152616296866
0.2372796599574947,-0.6944643579420625
0.23740467558444808,-0.625299290184303
0.23752969121140144,-0.8495516848858614
0.23765470683835482,-0.667902246023581
0.23777972246530818,-0.5010435153654853
0.23790473809226154,-0.6943445615063701
0.23802975371921492,-0.7074847121046397
0.23815476934616828,-0.4742277436119683
0.23827978497312166,-0.6789245102824201
0.23840480060007502,-0.6477768414844084
0.2385298162270284,-0.5383437237562639
0.23865483185398176,-0.5850886917313806
0.23877984748093514,-0.3702875608983567
0.2389048631078885,-0.39818253789253466
0.23902987873484188,-0.42432644606784736
0.23915489436179524,-0.29023794904365163
0.2392799099887486,-0.19944654040201662
0.23940492561570198,-0.41826110224930246
0.23952994124265534,-0.3348240836420946
0.23965495686960872,-0.18767172242559127
0.23977997249656208,-0.1629770932717789
0.23990498812351546,0.024760635018739482
0.24003000375046882,0.01804472305358272
0.2401550193774222,0.1466541709360975
0.24028003500437556,0.31306625668757243
0.24040505063132894,0.233247591289378
0.2405300662582823,0.24406792653304069
0.24065508188523568,0.19347359710065962
0.24078009751218904,0.23776194578159462
0.2409051131391424,0.3023686981620592
0.24103012876609578,0.3056677823761447
0.24115514439304914,0.4682676472895969
0.24128016002000252,0.5192893779550336
0.24140517564695588,0.4804500900751915
0.24153019127390926,0.5132697417899458
0.24165520690086262,0.7257943280766346
0.241780222527816,0.6633295426628245
0.24190523815476936,0.6799247348843064
0.24203025378172274,0.6631267374264681
0.2421552694086761,0.6305447702604079
0.24228028503562948,0.6336901788234399
0.24240530066258284,0.7332534499775064
0.2425303162895362,0.8287104033001927
0.24265533191648958,0.5170395525730551
0.24278034754344294,0.6664047454596422
0.24290536317039632,0.8018863119189682
0.24303037879734968,0.5965956047296768
0.24315539442430306,0.6235825855661992
0.24328041005125642,0.5373440426526388
0.2434054256782098,0.5741534394437122
0.24353044130516316,0.791740465789724
0.24365545693211654,0.6348367219113255
0.2437804725590699,0.660629115080358
0.24390548818602326,0.5806825363570519
0.24403050381297664,0.4992262917142934
0.24415551943993,0.5602964369562082
0.24428053506688338,0.43684705074377794
0.24440555069383674,0.5942918435775245
0.24453056632079012,0.5682544627645063
0.24465558194774348,0.5720613302478621
0.24478059757469686,0.5574937281869247
0.24490561320165022,0.2550016006263393
0.2450306288286036,0.5065377524136027
0.24515564445555696,0.38433816284064254
0.24528066008251034,0.26964833763378415
0.2454056757094637,0.4326654550678451
0.24553069133641706,0.4336290105247375
0.24565570696337044,0.1758547917435753
0.2457807225903238,0.275228889183892
0.24590573821727718,0.39536099107812817
0.24603075384423054,0.37124093160485094
0.24615576947118392,0.29808369584971517
0.24628078509813728,0.09910491082436244
0.24640580072509066,0.23143537627636507
0.24653081635204402,0.1798374620040065
0.2466558319789974,0.14525980926264281
0.24678084760595076,0.2878544938180898
0.24690586323290412,0.32528314051593965
0.2470308788598575,0.1633378916523213
0.24715589448681086,0.11464244221504986
0.24728091011376424,0.29424094084672464
0.2474059257407176,0.09250401293545979
0.24753094136767098,0.1929108273981744
0.24765595699462434,0.3200831333398692
0.24778097262157772,0.22127030225009256
0.24790598824853108,0.0837143854440061
0.24803100387548446,0.18569442347911747
0.24815601950243782,0.38179049287784184
0.2482810351293912,0.013079309270566417
0.24840605075634456,0.04366248527813452
0.24853106638329792,0.24645145823918968
0.2486560820102513,0.1734228301960466
0.24878109763720466,0.00837022617975123
0.24890611326415804,0.07538115027981226
0.2490311288911114,-0.05155991804286493
0.24915614451806478,0.12997676827128524
0.24928116014501814,0.053425143931401
0.24940617577197152,0.0029145194019267974
0.24953119139892488,0.11657604904691392
0.24965620702587826,0.01995454221880778
0.24978122265283162,-0.14780175686226818
0.249906238279785,0.04885424872826525
0.25003125390673836,0.14333408637440406
0.25015626953369174,0.033353370173655715
0.2502812851606451,0.09349398655935397
0.25040630078759846,0.04366307197896875
0.25053131641455184,-0.027754131288051785
0.2506563320415052,-0.17401999369348187
0.25078134766845855,-0.13724063135337206
0.25090636329541194,-0.0028521709610396942
0.2510313789223653,-0.007362889916795849
0.2511563945493187,-0.053842009311237414
0.25128141017627204,-0.023540380971418473
0.2514064258032254,-0.06863000113184838
0.2515314414301788,-0.21736348246937107
0.25165645705713213,-0.13321074714039535
0.2517814726840855,-0.14005164179690682
0.2519064883110389,-0.1807090379359564
0.2520315039379923,-0.16376962625468616
0.2521565195649456,-0.08734687084629719
0.252281535191899,-0.1543219091666256
0.2524065508188524,-0.0004049965943777327
0.25253156644580577,-0.32488729372991615
0.2526565820727591,-0.04842009257923229
0.2527815976997125,-0.19569254633802874
0.25290661332666586,-0.13885515296360165
0.2530316289536192,-0.14139197212839055
0.2531566445805726,-0.27044485658028
0.25328166020752596,-0.1257530809524809
0.25340667583447934,-0.35667078886159775
0.2535316914614327,-0.03126882909554588
0.25365670708838606,-0.01261268421174644
0.25378172271533944,-0.1549112526954384
0.2539067383422928,-0.2831895793135353
0.25403175396924615,-0.28940385899814774
0.25415676959619954,-0.4009174014883662
0.2542817852231529,-0.2165646671722651
0.2544068008501063,-0.0990120489404436
0.25453181647705964,-0.2887865227102116
0.254656832104013,-0.3423011206167394
0.2547818477309664,-0.08423684018937233
0.25490686335791973,-0.30642340374147775
0.2550318789848731,-0.27830162426445404
0.2551568946118265,-0.3818889875075637
0.2552819102387799,-0.2302803370084766
0.2554069258657332,-0.6425439018633476
0.2555319414926866,-0.39361104522213686
0.25565695711964,-0.4737371351765889
0.25578197274659337,-0.5127226845418413
0.2559069883735467,-0.5862776848758031
0.2560320040005001,-0.5028167945951785
0.25615701962745346,-0.42308995838159913
0.2562820352544068,-0.6088350021247199
0.2564070508813602,-0.5768952712880635
0.25653206650831356,-0.6737380723246401
0.25665708213526695,-0.5003048130165967
0.2567820977622203,-0.7759631885820804
0.25690711338917366,-0.7660412797083666
0.25703212901612704,-0.6720666954423451
0.2571571446430804,-0.5449096086590638
0.25728216027003376,-0.4499133601885515
0.25740717589698714,-0.801424710256316
0.2575321915239405,-0.6467655065440058
0.25765720715089385,-0.6680117610129482
0.25778222277784724,-0.6040510581357255
0.2579072384048006,-0.8016447385373422
0.258032254031754,-0.7609391884115969
0.25815726965870733,-0.5152881927544756
0.2582822852856607,-0.4610892781217486
0.2584073009126141,-0.5896874459173547
0.2585323165395675,-0.7172215851239117
0.2586573321665208,-0.38902167782264235
0.2587823477934742,-0.4921340970606905
0.2589073634204276,-0.6595557771018364
0.25903237904738097,-0.3717155829159064
0.2591573946743343,-0.3413363564822783
0.2592824103012877,-0.40573103189203813
0.25940742592824106,-0.3125783601826313
0.2595324415551944,-0.10233132752238425
0.2596574571821478,-0.09223869035876846
0.25978247280910116,0.09559681460244827
0.25990748843605455,-0.031994976153951755
0.2600325040630079,-0.08610638252464958
0.26015751968996126,0.10396371975706543
0.26028253531691464,0.2600505086189727
0.260407550943868,0.2585682026155916
0.26053256657082136,0.2557417841300135
0.26065758219777474,0.22100496397879538
0.2607825978247281,0.3658330296497579
0.26090761345168145,0.36458754029457247
0.26103262907863484,0.3736874547608159
0.2611576447055882,0.40665442480732333
0.2612826603325416,0.34043236665541654
0.26140767595949493,0.43035382889781476
0.2615326915864483,0.5200369097781951
0.2616577072134017,0.5137525222794936
0.2617827228403551,0.44839827884146466
0.2619077384673084,0.5560139775806434
0.2620327540942618,0.5783061177267586
0.2621577697212152,0.4340991580469685
0.2622827853481685,0.6217299614895294
0.2624078009751219,0.6551286965268294
0.2625328166020753,0.8898381959435384
0.26265783222902866,0.5783302616581257
0.262782847855982,0.5316700962149982
0.2629078634829354,0.6481930070315679
0.26303287910988876,0.4816251928958848
0.26315789473684215,0.5734112223627514
0.2632829103637955,0.6618456810795746
0.26340792599074886,0.6939871200244778
0.26353294161770224,0.5321852722093348
0.26365795724465557,0.532312020485341
0.26378297287160896,0.550214824760053
0.26390798849856234,0.35362969737804134
0.2640330041255157,0.4277882642487925
0.26415801975246905,0.34504837381367376
0.26428303537942244,0.5036278441266868
0.2644080510063758,0.5383731191449979
0.2645330666333292,0.5114018999545775
0.26465808226028253,0.3423189613455732
0.2647830978872359,0.32046573415086643
0.2649081135141893,0.18808867636963608
0.2650331291411427,0.5145278195742627
0.265158144768096,0.2368820692147891
0.2652831603950494,0.4728434825545901
0.2654081760220028,0.265014023478903
0.2655331916489561,0.5188186371271567
0.2656582072759095,0.14572558790463858
0.2657832229028629,0.1759203722326605
0.26590823852981627,0.158288352728654
0.2660332541567696,0.20753482990234262
0.266158269783723,0.1246908761983641
0.26628328541067636,0.18950182489966627
0.26640830103762975,0.1557503476132543
0.2665333166645831,0.3506711213081909
0.26665833229153646,-0.06615732375742533
0.26678334791848984,0.2745309043336912
0.2669083635454432,0.17902482080458113
0.26703337917239656,0.42475239918361785
0.26715839479934994,0.258216646422957
0.2672834104263033,0.1254018611998834
0.26740842605325665,0.26535293841629315
0.26753344168021004,0.029213078207095847
0.2676584573071634,0.29066907916004936
0.2677834729341168,0.2742861258562546
0.26790848856107013,0.09917873256299757
0.2680335041880235,0.18506773037144147
0.2681585198149769,0.03573147421630929
0.26828353544193023,0.21443034675914682
0.2684085510688836,0.1002134257156158
0.268533566695837,0.23637294764449984
0.2686585823227904,0.06465215731964773
0.2687835979497437,0.30155361497476907
0.2689086135766971,0.14586709029225875
0.2690336292036505,0.04866930376298106
0.26915864483060387,0.0837670004287866
0.2692836604575572,0.21895034849701192
0.2694086760845106,0.04910672601994905
0.26953369171146396,0.17753779790544721
0.26965870733841735,-0.06857507469505579
0.2697837229653707,0.12738990330866373
0.26990873859232406,-0.025905777854765707
0.27003375421927744,-0.14529306468744854
0.2701587698462308,0.11448120716463309
0.27028378547318416,-0.25333711182195223
0.27040880110013754,-0.12344540544297716
0.2705338167270909,0.04573283192168903
0.27065883235404425,-0.14631888700214127
0.27078384798099764,0.011841384250841476
0.270908863607951,0.03261293231169657
0.2710338792349044,0.004507302265137018
0.27115889486185774,-0.15826381363378197
0.2712839104888111,0.08277041756439472
0.2714089261157645,-0.19579055243700158
0.27153394174271783,-0.20280731749654773
0.2716589573696712,-0.0438731057787459
0.2717839729966246,-0.1992820975400813
0.271908988623578,-0.3106294537874777
0.2720340042505313,-0.1517276477039262
0.2721590198774847,-0.37383776494294313
0.2722840355044381,-0.36895877235447283
0.27240905113139147,-0.08070460106327262
0.2725340667583448,-0.0946076746894593
0.2726590823852982,0.018176762536729927
0.27278409801225156,-0.1436140047746454
0.2729091136392049,-0.1775945522190402
0.2730341292661583,-0.1192174390353697
0.27315914489311166,-0.21563227123194567
0.27328416052006504,-0.03098481306433313
0.2734091761470184,-0.47194767962711187
0.27353419177397176,-0.27336507318439246
0.27365920740092514,-0.35615625540281315
0.2737842230278785,-0.22559091571268255
0.27390923865483185,-0.23022996327356987
0.27403425428178524,-0.34263225348801685
0.2741592699087386,-0.29989631065066064
0.274284285535692,-0.3722057711714864
0.27440930116264534,-0.2688672341401314
0.2745343167895987,-0.27485353709334626
0.2746593324165521,-0.3953566098752941
0.27478434804350543,-0.4266931602390585
0.2749093636704588,-0.5647896276811574
0.2750343792974122,-0.32953828047827427
0.2751593949243656,-0.4456538188841087
0.2752844105513189,-0.370358616381544
0.2754094261782723,-0.3990844020252175
0.2755344418052257,-0.3623023724121485
0.27565945743217907,-0.5546364300482917
0.2757844730591324,-0.4345093201038191
0.2759094886860858,-0.4191584404049574
0.27603450431303916,-0.553164215908048
0.2761595199399925,-0.5237550332895047
0.2762845355669459,-0.5687309000271027
0.27640955119389926,-0.7060289708735926
0.27653456682085265,-0.7245552513488279
0.276659582447806,-0.46722248122566806
0.27678459807475936,-0.5858703756603154
0.27690961370171274,-0.928126119484341
0.2770346293286661,-0.5538810979574862
0.27715964495561946,-0.6323917036904501
0.27728466058257284,-0.7857982929343127
0.2774096762095262,-0.4539181782233078
0.27753469183647955,-0.5748603945311123
0.27765970746343294,-0.6390322545952877
0.2777847230903863,-0.8202393800703582
0.2779097387173397,-0.631105874325116
0.27803475434429303,-0.6909961295862416
0.2781597699712464,-0.6014681519561494
0.2782847855981998,-0.603122395296506
0.2784098012251532,-0.6654171015675583
0.2785348168521065,-0.5647179435206248
0.2786598324790599,-0.4134225999220414
0.2787848481060133,-0.45082335793482003
0.2789098637329666,-0.4764833697495927
0.27903487935992,-0.38666771964910707
0.2791598949868734,-0.11175339797352582
0.27928491061382676,-0.38521119387414215
0.2794099262407801,-0.15096636200222627
0.2795349418677335,-0.2821336272081577
0.27965995749468686,-0.09476642678683399
0.27978497312164025,-0.18304529547009854
0.2799099887485936,-0.14284342724467827
0.28003500437554696,0.04059744382713115
0.28016002000250034,0.25038976873324914
0.2802850356294537,0.13713377385616404
0.28041005125640706,0.1356257011022681
0.28053506688336044,0.02902206374969285
0.2806600825103138,0.20879394956742175
0.28078509813726715,0.43064233217291864
0.28091011376422054,0.13528302805204498
0.2810351293911739,0.27744540430998493
0.2811601450181273,0.2558653484820879
0.28128516064508063,0.3919592917014785
0.281410176272034,0.45307031383463964
0.2815351918989874,0.5473712283336044
0.2816602075259408,0.407234247935981
0.2817852231528941,0.43318565121992914
0.2819102387798475,0.5531192141159157
0.2820352544068009,0.6073268201791779
0.2821602700337542,0.7875727179263593
0.2822852856607076,0.5712171314428963
0.282410301287661,0.6482393902291456
0.28253531691461437,0.47632931349171065
0.2826603325415677,0.5907182348144615
0.2827853481685211,0.7685810883199425
0.28291036379547446,0.7838775180441985
0.28303537942242785,0.7492863488960979
0.2831603950493812,0.6985957049566712
0.28328541067633456,0.580732440548237
0.28341042630328794,0.7018205026416743
0.28353544193024127,0.46132372469292227
0.28366045755719466,0.44989289111415487
0.28378547318414804,0.6349805357854229
0.2839104888111014,0.3974419423062959
0.28403550443805475,0.44459683783590703
0.28416052006500814,0.3949725042668336
0.2842855356919615,0.5790642077226913
0.2844105513189149,0.4153746804486742
0.28453556694586823,0.4818634372077354
0.2846605825728216,0.5208565872417593
0.284785598199775,0.3913343649226835
0.2849106138267284,0.32546552060758804
0.2850356294536817,0.4731485714289906
0.2851606450806351,0.36496691715444196
0.2852856607075885,0.32954274109655024
0.2854106763345418,0.2505720396115468
0.2855356919614952,0.30017983496298156
0.2856607075884486,0.2733628643888913
0.28578572321540197,0.3693008497779968
0.2859107388423553,0.18809533336631915
0.2860357544693087,0.15488485643403702
0.28616077009626206,0.3454364945122679
0.28628578572321545,0.2227287909329764
0.2864108013501688,-0.015352317515839506
0.28653581697712216,0.24175184156272603
0.28666083260407554,0.24213477659066424
0.2867858482310289,0.19396103194338873
0.28691086385798226,0.3571236581635865
0.28703587948493564,0.22547493376348582
0.287160895111889,0.11962784808453314
0.28728591073884235,0.196931766252348
0.28741092636579574,0.1252909564775264
0.2875359419927491,0.15485668726524313
0.2876609576197025,0.18676798262005118
0.28778597324665584,0.16085887429571302
0.2879109888736092,0.20144113835739724
0.2880360045005626,0.3143986650107966
0.28816102012751593,0.09175156462397499
0.2882860357544693,0.22538410667603032
0.2884110513814227,0.25333854462118904
0.2885360670083761,0.1294352006135644
0.2886610826353294,0.05528542727412567
0.2887860982622828,0.25544311977670126
0.2889111138892362,0.27787026018793615
0.28903612951618957,0.0687003368844894
0.2891611451431429,0.19273993556786084
0.2892861607700963,-0.019919125052003734
0.28941117639704966,0.13925468406811667
0.28953619202400305,-0.12761735947362815
0.2896612076509564,0.13834908898108736
0.28978622327790976,0.0985387122313415
0.28991123890486314,0.14428845604299473
0.2900362545318165,0.133823403240039
0.29016127015876986,0.06371981335231042
0.29028628578572324,-0.18719916470222775
0.2904113014126766,0.03896377418049602
0.29053631703962995,0.027256387357656186
0.29066133266658334,-0.07523270740206697
0.2907863482935367,-0.06455908857502664
0.2909113639204901,0.137997181225541
0.29103637954744344,0.028313146135934542
0.2911613951743968,-0.02779383841472035
0.2912864108013502,-0.15425241605897813
0.29141142642830353,-0.14984852544318844
0.2915364420552569,-0.08593585074899325
0.2916614576822103,0.10745976756080523
0.2917864733091637,-0.04900190772142269
0.291911488936117,-0.2330491344478655
0.2920365045630704,-0.2172002948201538
0.2921615201900238,-0.033534618756953155
0.29228653581697717,-0.3629331414630457
0.2924115514439305,-0.18982622649234507
0.2925365670708839,-0.1366237528567275
0.29266158269783726,-0.2295059439949237
0.2927865983247906,-0.18865414731058708
0.292911613951744,-0.22923898496548664
0.29303662957869736,-0.14626735747454714
0.29316164520565074,-0.3015470826508646
0.2932866608326041,-0.2873236990869677
0.29341167645955746,-0.2376166826834716
0.29353669208651084,-0.2814039378887173
0.2936617077134642,-0.41505597879904393
0.29378672334041755,-0.39600449035139434
0.29391173896737094,-0.3066352852857016
0.2940367545943243,-0.33767459269468697
0.29416177022127765,-0.060912865092548604
0.29428678584823104,-0.10324579745204579
0.2944118014751844,-0.33409147162975933
0.2945368171021378,-0.39277179247203936
0.29466183272909113,-0.2777440354917682
0.2947868483560445,-0.48261377035314523
0.2949118639829979,-0.20035510726309316
0.2950368796099513,-0.39558498015367916
0.2951618952369046,-0.3904864935674916
0.295286910863858,-0.22877243511715886
0.2954119264908114,-0.533344478575011
0.29553694211776477,-0.5411219027447237
0.2956619577447181,-0.5122784983113169
0.2957869733716715,-0.4781359938141204
0.29591198899862486,-0.505885792466584
0.2960370046255782,-0.5859589969309558
0.2961620202525316,-0.6198898980828489
0.29628703587948496,-0.42856822898988156
0.29641205150643835,-0.5019446704552347
0.2965370671333917,-0.6064182306022577
0.29666208276034506,-0.5349117375690933
0.29678709838729844,-0.7095601111885456
0.2969121140142518,-0.7519859061610205
0.29703712964120516,-0.6052991867257909
0.29716214526815854,-0.581253758986431
0.2972871608951119,-0.8702051466797733
0.29741217652206525,-0.783871014788482
0.29753719214901864,-0.6527656154841444
0.297662207775972,-0.6160915802106066
0.2977872234029254,-0.8561561175424848
0.29791223902987873,-0.5597758805994182
0.2980372546568321,-0.896131703252672
0.2981622702837855,-0.5833427685767976
0.2982872859107389,-0.5686593989626976
0.2984123015376922,-0.684633157859146
0.2985373171646456,-0.5222643422015439
0.298662332791599,-0.3152082520245097
0.2987873484185523,-0.4490264921629444
0.2989123640455057,-0.37311622064713745
0.2990373796724591,-0.3736668313989956
0.29916239529941246,-0.17123763005788434
0.2992874109263658,-0.07135570586268791
0.2994124265533192,-0.2964735421285829
0.29953744218027256,-0.10314575497149979
0.29966245780722595,-0.3958237840642309
0.2997874734341793,-0.1823956351928316
0.29991248906113266,0.04705582771501569
0.30003750468808604,0.1757126906342386
0.3001625203150394,0.1483158109485519
0.30028753594199276,0.24961147976751855
0.30041255156894614,0.0963393804628097
0.3005375671958995,0.07659019565714816
0.30066258282285285,0.21551952353889509
0.30078759844980624,0.34154143270546633
0.3009126140767596,0.4773562763928537
0.301037629703713,0.46095907693082455
0.30116264533066633,0.3069900772847982
0.3012876609576197,0.566392519082414
0.3014126765845731,0.3703604361331822
0.3015376922115265,0.5087963500391743
0.3016627078384798,0.6068329720461292
0.3017877234654332,0.5406699461546586
0.3019127390923866,0.5637396639721632
0.3020377547193399,0.7227915984237732
0.3021627703462933,0.7061278340097172
0.3022877859732467,0.8001992873091999
0.30241280160020007,0.8135349961207055
0.3025378172271534,0.7947710336708838
0.3026628328541068,0.5617586960619669
0.30278784848106016,0.7157157858832055
0.30291286410801355,0.8050067205030306
0.3030378797349669,0.7341501175870014
0.30316289536192026,0.6227384076667227
0.30328791098887364,0.7528065621511539
0.30341292661582697,0.6518460147301597
0.30353794224278036,0.7195860575371864
0.30366295786973374,0.4767489968176042
0.3037879734966871,0.608784595272289
0.30391298912364045,0.5345137195418966
0.30403800475059384,0.40989646366630295
0.3041630203775472,0.483117453055503
0.3042880360045006,0.2574738956062963
0.30441305163145393,0.6228734455758645
0.3045380672584073,0.4482064983243191
0.3046630828853607,0.5287336674350438
0.3047880985123141,0.37663155275601545
0.3049131141392674,0.49696859919101205
0.3050381297662208,0.32458063822671296
0.3051631453931742,0.3021645823821313
0.3052881610201275,0.4317770960401109
0.3054131766470809,0.5240741678250224
0.3055381922740343,0.16843262809761714
0.30566320790098767,0.23571613647774337
0.305788223527941,0.5019104552187985
0.3059132391548944,0.3771488437320859
0.30603825478184776,0.12481852184330035
0.30616327040880115,0.2315303105403806
0.3062882860357545,0.2656395556581467
0.30641330166270786,0.06703404170993085
0.30653831728966124,0.24586315656971303
0.3066633329166146,0.26581264145953326
0.30678834854356796,0.14818079519634184
0.30691336417052134,0.23720356460304545
0.3070383797974747,0.2441493700179049
0.30716339542442805,0.0849551690126963
0.30728841105138144,0.12219418997538659
0.3074134266783348,0.22029443872926724
0.3075384423052882,0.06899036086978427
0.30766345793224154,0.21861296331212457
0.3077884735591949,0.3842991389010916
0.3079134891861483,0.13924661895345883
0.30803850481310163,0.17157916640830861
0.308163520440055,0.07642413792708914
0.3082885360670084,0.1848050021568152
0.3084135516939618,0.09537763621274924
0.3085385673209151,0.24416177978609416
0.3086635829478685,0.18243859661978304
0.3087885985748219,0.02880335549114668
0.30891361420177527,0.13015937412953274
0.3090386298287286,0.12893392692776562
0.309163645455682,0.07146860289291752
0.30928866108263536,0.16119636124533027
0.3094136767095887,-0.0027111558328628913
0.3095386923365421,-0.12964632090649328
0.30966370796349546,0.025289705917585423
0.30978872359044884,0.14008552051768844
0.3099137392174022,0.10819114737981968
0.31003875484435556,0.09875034851808943
0.31016377047130894,-0.07522128372944024
0.3102887860982623,0.02192677205278972
0.31041380172521565,-0.10343125983431173
0.31053881735216904,-0.10934211608199333
0.3106638329791224,-0.23505560510528423
0.3107888486060758,-0.04551766190489567
0.31091386423302914,-0.14274819421196033
0.3110388798599825,-0.24310119142856618
0.3111638954869359,0.014125693294719646
0.31128891111388923,-0.27866149418942926
0.3114139267408426,-0.1991474940522107
0.311538942367796,-0.23663129444187064
0.3116639579947494,-0.24960795959450546
0.3117889736217027,-0.15965448204240432
0.3119139892486561,-0.3337310771139579
0.3120390048756095,-0.17238242690340483
0.31216402050256287,-0.2584016761699218
0.3122890361295162,0.024764162464652312
0.3124140517564696,-0.2879897341987265
0.31253906738342296,-0.12284565704948393
0.3126640830103763,-0.18097351182496157
0.3127890986373297,-0.37614026135373224
0.31291411426428306,-0.29541611790298355
0.31303912989123645,-0.12126149465812029
0.3131641455181898,-0.2838377110975325
0.31328916114514316,-0.24036371330153805
0.31341417677209654,-0.15300747937455753
0.3135391923990499,-0.2600975743044637
0.31366420802600326,-0.13576238332950327
0.31378922365295664,-0.21103702741342745
0.31391423927991,-0.14739750468819468
0.31403925490686335,-0.40596933503473775
0.31416427053381674,-0.4091204836780926
0.3142892861607701,-0.12848999936684713
0.3144143017877235,-0.39389304553779964
0.31453931741467683,-0.4047499578754595
0.3146643330416302,-0.12989166214712458
0.3147893486685836,-0.3710701634256019
0.314914364295537,-0.5134331587609766
0.3150393799224903,-0.40526821848458006
0.3151643955494437,-0.2973312456516493
0.3152894111763971,-0.37726122041236526
0.31541442680335047,-0.4485060870817018
0.3155394424303038,-0.45941209232608127
0.3156644580572572,-0.5656105903449467
0.31578947368421056,-0.4485328264589787
0.3159144893111639,-0.570098456328021
0.3160395049381173,-0.39406578740259496
0.31616452056507066,-0.6115785867438432
0.31628953619202405,-0.6158573871193328
0.3164145518189774,-0.7485324327251875
0.31653956744593076,-0.6168269208337326
0.31666458307288414,-0.6117877653500567
0.3167895986998375,-0.5623443931919313
0.31691461432679086,-0.5856321758785465
0.31703962995374424,-0.7660382612112215
0.3171646455806976,-0.5832131218291308
0.31728966120765095,-0.6275428353194615
0.31741467683460434,-0.7140887441150492
0.3175396924615577,-0.904738734804008
0.3176647080885111,-0.6045494416242604
0.31778972371546443,-0.7890969373638217
0.3179147393424178,-0.6812069580774818
0.3180397549693712,-0.6313818386161787
0.3181647705963246,-0.6849570322743791
0.3182897862232779,-0.5838653819333764
0.3184148018502313,-0.5397903450031764
0.3185398174771847,-0.3364805296754778
0.318664833104138,-0.47221308759112224
0.3187898487310914,-0.5374016821346174
0.3189148643580448,-0.3683739847783695
0.31903987998499816,-0.5775929697157806
0.3191648956119515,-0.5951351588781097
0.3192899112389049,-0.2576719071085432
0.31941492686585826,-0.36949757925119503
0.31953994249281165,-0.31053233548203196
0.319664958119765,0.034414359395477566
0.31978997374671836,-0.08591491581273902
0.31991498937367174,-0.09186014605547006
0.3200400050006251,-0.14091710332506635
0.32016502062757846,0.11222305540831336
0.32029003625453184,0.2633224054672315
0.3204150518814852,0.04989032753924993
0.32054006750843855,0.25859374641934385
0.32066508313539194,0.1065804626288278
0.3207900987623453,0.39270688999670766
0.3209151143892987,0.4760611439038455
0.32104013001625203,0.4641727901171047
0.3211651456432054,0.422820457139417
0.3212901612701588,0.41208781169925773
0.3214151768971122,0.4470406502736625
0.3215401925240655,0.7092241062383854
0.3216652081510189,0.6885764054761966
0.3217902237779723,0.5872620934467964
0.3219152394049256,0.6089373157793182
0.322040255031879,0.656499686781976
0.3221652706588324,0.7051734134938845
0.32229028628578577,0.452006334383773
0.3224153019127391,0.8067807152518967
0.3225403175396925,0.7003907343273608
0.32266533316664586,0.6739701853815735
0.32279034879359925,0.5507592916060269
0.3229153644205526,0.5517358531633957
0.32304038004750596,0.6162498778900692
0.32316539567445934,0.5969258066581771
0.3232904113014127,0.7589487282427418
0.32341542692836606,0.6157595522232578
0.32354044255531944,0.5584110104009269
0.3236654581822728,0.42888911322962486
0.32379047380922615,0.4078899547228939
0.32391548943617954,0.6917653074445977
0.3240405050631329,0.3971906041151676
0.3241655206900863,0.4250525800674238
0.32429053631703963,0.5152877156005309
0.324415551943993,0.4859035170928842
0.3245405675709464,0.4641331727191756
0.32466558319789973,0.3691560007690841
0.3247905988248531,0.32536534239842624
0.3249156144518065,0.3569064991585052
0.3250406300787599,0.4962108710829736
0.3251656457057132,0.24054190774314177
0.3252906613326666,0.19014793574320712
0.32541567695962,0.26778133389961445
0.32554069258657337,0.3894285068393742
0.3256657082135267,0.24568289745464533
0.3257907238404801,0.28026100161070805
0.32591573946743346,0.2926926413671696
0.32604075509438685,0.1141429840867958
0.3261657707213402,0.37558156147486044
0.32629078634829356,0.1189260285896863
0.32641580197524694,0.2849071406436445
0.3265408176022003,0.1171291883892794
0.32666583322915366,0.08401637719948779
0.32679084885610704,0.12115578097217523
0.3269158644830604,0.22875777307543194
0.32704088011001375,0.17243955856841162
0.32716589573696714,0.08308266380796218
0.3272909113639205,0.11857569575423887
0.3274159269908739,0.12353338882984044
0.32754094261782724,0.20299244235858735
0.3276659582447806,0.3229743337161044
0.327790973871734,0.14906840017242598
0.32791598949868733,0.22662790048903222
0.3280410051256407,-0.014120784269571406
0.3281660207525941,0.2189480721956683
0.3282910363795475,0.24367748547914325
0.3284160520065008,0.163575501263678
0.3285410676334542,0.1430199073019113
0.3286660832604076,0.06879806058838567
0.32879109888736097,0.02098516319268169
0.3289161145143143,0.08404220080778409
0.3290411301412677,-0.01146137260496692
0.32916614576822106,-0.035454910598867295
0.3292911613951744,0.03329093368887801
0.3294161770221278,0.06666390286198438
0.32954119264908116,-0.13714853204283267
0.32966620827603454,-0.001421689387591657
0.3297912239029879,0.3147455834764148
0.32991623952994126,-0.01952922924220274
0.33004125515689464,-0.07377864356028702
0.330166270783848,0.05955828755800568
0.33029128641080135,-0.024666734202815968
0.33041630203775474,-0.2913654025455172
0.3305413176647081,-0.028638160899442152
0.3306663332916615,-0.004827286845489123
0.33079134891861484,-0.03760726482769561
0.3309163645455682,-0.26293096918164655
0.3310413801725216,0.06690933716999789
0.33116639579947493,-0.0030725028105372224
0.3312914114264283,-0.12614608094329793
0.3314164270533817,-0.09896778625791137
0.3315414426803351,-0.004208479721909624
0.3316664583072884,-0.11995255329897721
0.3317914739342418,-0.01724030286268313
0.3319164895611952,-0.23203803528276737
0.33204150518814857,-0.20639693486507907
0.3321665208151019,-0.2588140900199922
0.3322915364420553,-0.14018012875085084
0.33241655206900866,-0.23649578813730734
0.332541567695962,-0.047358745226707875
0.3326665833229154,-0.2165209063798135
0.33279159894986876,-0.24690497308629156
0.33291661457682215,-0.17384755381736022
0.3330416302037755,-0.13914333135529816
0.33316664583072886,-0.2965438262769546
0.33329166145768224,-0.4297841569196686
0.3334166770846356,-0.3638371184486076
0.33354169271158896,-0.321039550758739
0.33366670833854234,-0.19854216494357085
0.3337917239654957,-0.24843429522922053
0.33391673959244905,-0.1834441881368763
0.33404175521940244,-0.23768012599553062
0.3341667708463558,-0.15213491689339484
0.3342917864733092,-0.2495289964582803
0.33441680210026253,-0.30252414524873994
0.3345418177272159,-0.2829261295131228
0.3346668333541693,-0.23696337551287908
0.3347918489811227,-0.3740380010578203
0.334916864608076,-0.43560668732742414
0.3350418802350294,-0.44255190682516554
0.3351668958619828,-0.5137940726676541
0.3352919114889361,-0.3747972309672038
0.3354169271158895,-0.3319030995145692
0.3355419427428429,-0.48462169342179123
0.33566695836979626,-0.6155076220643894
0.3357919739967496,-0.6771566656445595
0.335916989623703,-0.44083049312720757
0.33604200525065636,-0.6080997707095661
0.33616702087760975,-0.5606297748652067
0.3362920365045631,-0.5849499826297037
0.33641705213151646,-0.6052596425137489
0.33654206775846984,-0.536633516058826
0.3366670833854232,-0.6830236771443662
0.33679209901237656,-0.5701916700680836
0.33691711463932994,-0.6839685502960967
0.3370421302662833,-0.733202906608999
0.33716714589323665,-0.6065367548794106
0.33729216152019004,-0.8103975587815779
0.3374171771471434,-0.42532284771283974
0.3375421927740968,-0.5568620625808095
0.33766720840105013,-0.49305701138028696
0.3377922240280035,-0.8548689658757169
0.3379172396549569,-0.5511951212189995
0.3380422552819103,-0.6102039177318331
0.3381672709088636,-0.6876075256872186
0.338292286535817,-0.4281344084715683
0.3384173021627704,-0.5818305953711495
0.3385423177897237,-0.709054822919798
0.3386673334166771,-0.5546859266110491
0.3387923490436305,-0.23389513099096576
0.33891736467058386,-0.25728135492215853
0.3390423802975372,-0.46033787324074565
0.3391673959244906,-0.269638697070044
0.33929241155144396,-0.18771482536515097
0.33941742717839735,-0.2609142211387986
0.3395424428053507,-0.06680839412352506
0.33966745843230406,0.059090888637093275
0.33979247405925744,-0.08748712566838267
0.33991748968621077,-0.03994190462898162
0.34004250531316416,-0.032582340502011115
0.34016752094011754,0.019517085872939738
0.3402925365670709,0.2690091558987356
0.34041755219402425,0.389222779367055
0.34054256782097764,0.32384718606650104
0.340667583447931,0.35549793197220886
0.3407925990748844,0.2686118689820363
0.34091761470183773,0.524096504507319
0.3410426303287911,0.397756171974772
0.3411676459557445,0.3934218715831334
0.3412926615826979,0.3544599324650383
0.3414176772096512,0.7393937130982317
0.3415426928366046,0.519660217389846
0.341667708463558,0.6796843667594449
0.3417927240905113,0.5596511272243372
0.3419177397174647,0.7160815506290822
0.3420427553444181,0.5884909476893886
0.34216777097137147,0.6693895335968262
0.3422927865983248,0.495482877379959
0.3424178022252782,0.6469057431304787
0.34254281785223156,0.7142422805470675
0.34266783347918495,0.824674924327085
0.3427928491061383,0.8780094583491107
0.34291786473309166,0.7303570389640939
0.34304288036004504,0.8185499299237521
0.3431678959869984,0.6041575127781236
0.34329291161395176,0.5699013551105807
0.34341792724090514,0.6425878814845101
0.3435429428678585,0.5670660158894323
0.34366795849481185,0.586712353754511
0.34379297412176524,0.5388155387640771
0.3439179897487186,0.47235458378269385
0.344043005375672,0.6304679912537063
0.34416802100262534,0.5497096135159939
0.3442930366295787,0.23928497674415106
0.3444180522565321,0.4393319440935603
0.34454306788348543,0.4919267167412979
0.3446680835104388,0.496010085209373
0.3447930991373922,0.28600844159967415
0.3449181147643456,0.31966581728537136
0.3450431303912989,0.36310795119508077
0.3451681460182523,0.31940686114836525
0.3452931616452057,0.45391450048006643
0.34541817727215907,0.43219016964415896
0.3455431928991124,0.34361448199137234
0.3456682085260658,0.18400385529275565
0.34579322415301916,0.13630226820812472
0.34591823977997255,0.29350059865158856
0.3460432554069259,0.2700906559189782
0.34616827103387926,0.2560168011839331
0.34629328666083264,0.36603944204006345
0.346418302287786,0.369887136692989
0.34654331791473936,0.33151510501494796
0.34666833354169274,0.2914734465016751
0.3467933491686461,0.29084565836673687
0.34691836479559945,0.29896232381290994
0.34704338042255284,0.2297972365631007
0.3471683960495062,0.4595494890949861
0.3472934116764596,0.1967116882061289
0.34741842730341294,0.24138997640233378
0.3475434429303663,0.16573804226032618
0.3476684585573197,0.18382865321310515
0.34779347418427303,0.07946911230063886
0.3479184898112264,0.13848277184391614
0.3480435054381798,0.027585034680573085
0.3481685210651332,0.1338971524219094
0.3482935366920865,0.09062044554472395
0.3484185523190399,0.04383376989264509
0.3485435679459933,0.26809285331529237
0.34866858357294667,0.19461274092155545
0.3487935991999,0.131690387962754
0.3489186148268534,0.1596922740916842
0.34904363045380676,0.10389434102526135
0.3491686460807601,0.27963893077105906
0.3492936617077135,0.0023926335530049057
0.34941867733466686,0.09933719117053705
0.34954369296162024,-0.020610568064781228
0.3496687085885736,-0.05915501233704463
0.34979372421552696,-0.07177370920808442
0.34991873984248034,-0.07216987989590494
0.3500437554694337,-0.005558157974449213
0.35016877109638705,-0.09581536808039383
0.35029378672334044,0.20920483404961712
0.3504188023502938,-0.010374179984918018
0.35054381797724715,-0.03450355266193745
0.35066883360420054,-0.23861422664376009
0.3507938492311539,-0.08762206573867831
0.3509188648581073,-0.13648493464740696
0.35104388048506063,-0.14547610127398403
0.351168896112014,-0.1730409050389149
0.3512939117389674,-0.1045065857665836
0.3514189273659208,-0.2774598712680579
0.3515439429928741,0.05521858966987524
0.3516689586198275,-0.09854745033852044
0.3517939742467809,-0.07434572176090273
0.35191898987373427,-0.3126926384964136
0.3520440055006876,-0.2994853543727931
0.352169021127641,-0.21679272137847372
0.35229403675459436,-0.05302712547900467
0.3524190523815477,-0.11068523531359574
0.3525440680085011,-0.12999859995333338
0.35266908363545446,-0.06657602299885242
0.35279409926240785,-0.07997203295718333
0.3529191148893612,-0.20047057477487953
0.35304413051631456,-0.07246421445137367
0.35316914614326794,-0.11161731942416274
0.3532941617702213,-0.28631035155740686
0.35341917739717466,-0.21748758071103688
0.35354419302412804,-0.27423710840899396
0.3536692086510814,-0.07135387690785976
0.35379422427803475,-0.2024427992794897
0.35391923990498814,-0.18352769167416497
0.3540442555319415,-0.20604925821428874
0.3541692711588949,-0.2969422253580025
0.35429428678584823,-0.2138635183351998
0.3544193024128016,-0.4885655017649554
0.354544318039755,-0.2470668832293714
0.3546693336667084,-0.17988789787772863
0.3547943492936617,-0.3935156267040487
0.3549193649206151,-0.4533734230297485
0.3550443805475685,-0.6606035337093789
0.3551693961745218,-0.46389654771760386
0.3552944118014752,-0.5162926497605741
0.3554194274284286,-0.42043142871017203
0.35554444305538196,-0.2991719287088818
0.3556694586823353,-0.4269484819553802
0.3557944743092887,-0.5427672911107727
0.35591948993624206,-0.5266807198762687
0.35604450556319545,-0.6104990826649209
0.3561695211901488,-0.7423440461773507
0.35629453681710216,-0.5922258319683325
0.35641955244405554,-0.5112348916107358
0.3565445680710089,-0.7830803771112387
0.35666958369796226,-0.571479510739186
0.35679459932491564,-0.8764884102608368
0.356919614951869,-0.6864152083882995
0.35704463057882235,-0.7076492159437724
0.35716964620577574,-0.7774123916186031
0.3572946618327291,-0.5548448627573522
0.3574196774596825,-0.584472832444631
0.35754469308663583,-0.7796866263147935
0.3576697087135892,-0.5370926975298539
0.3577947243405426,-0.754582317669065
0.357919739967496,-0.7079653976230045
0.3580447555944493,-0.5132209405370042
0.3581697712214027,-0.5538952175390391
0.3582947868483561,-0.6198334022078794
0.3584198024753094,-0.4666591388747809
0.3585448181022628,-0.7322609787033154
0.3586698337292162,-0.5028094241926421
0.35879484935616957,-0.41466986045337595
0.3589198649831229,-0.678660471596384
0.3590448806100763,-0.24858100430879682
0.35916989623702966,-0.35676572078712077
0.35929491186398305,-0.2713298466443289
0.3594199274909364,-0.2947727655880145
0.35954494311788976,-0.0881649339211345
0.35966995874484314,-0.3906077397979342
0.35979497437179647,0.12002105149042945
0.35991998999874986,-0.2878084940633832
0.36004500562570324,-0.05728766405823523
0.3601700212526566,0.07718987161675553
0.36029503687960995,0.12365684935997993
0.36042005250656334,0.23214181695922154
0.3605450681335167,0.2210848509999954
0.3606700837604701,0.2461223943571472
0.36079509938742343,0.3804279280231655
0.3609201150143768,0.4371658506206884
0.3610451306413302,0.1714802769730414
0.3611701462682836,0.336976469888643
0.3612951618952369,0.46153336558575264
0.3614201775221903,0.6058944621822449
0.3615451931491437,0.47674390426464375
0.361670208776097,0.5202582497372545
0.3617952244030504,0.5607516729169341
0.3619202400300038,0.7635293257984906
0.36204525565695717,0.751371023127906
0.3621702712839105,0.6381357580010022
0.3622952869108639,0.5805939852540266
0.36242030253781726,0.4604920415625354
0.36254531816477065,0.7068239208932368
0.362670333791724,0.9614685443760194
0.36279534941867736,0.7667855462951215
0.36292036504563074,0.7140460908085179
0.3630453806725841,0.7359132522849174
0.36317039629953746,0.41756900603945685
0.36329541192649084,0.46701611411146715
0.3634204275534442,0.6197593884510734
0.36354544318039755,0.5874579880514824
0.36367045880735094,0.7057547651279327
0.3637954744343043,0.510868666754269
0.3639204900612577,0.37117906271435813
0.36404550568821104,0.6873287565647729
0.3641705213151644,0.4498901675590415
0.3642955369421178,0.37404769605647514
0.36442055256907113,0.3877262822993451
0.3645455681960245,0.36915819981855424
0.3646705838229779,0.2449025145011391
0.3647955994499313,0.308076480521714
0.3649206150768846,0.3178360254102964
0.365045630703838,0.235866768084649
0.3651706463307914,0.5543279292453389
0.36529566195774477,0.19290780056962606
0.3654206775846981,0.4024640801380394
0.3655456932116515,0.3516687975175782
0.36567070883860486,0.24908172183353633
0.3657957244655582,0.27257979985346936
0.3659207400925116,0.0938813844697999
0.36604575571946496,0.2247115989021254
0.36617077134641834,0.2285694606602089
0.3662957869733717,0.24571238761621958
0.36642080260032506,0.18830609773006565
0.36654581822727844,0.3568499059147238
0.3666708338542318,0.2831521754459121
0.36679584948118515,0.0789715698140078
0.36692086510813854,0.21750255418307046
0.3670458807350919,0.1887933103196401
0.3671708963620453,0.26437569474849076
0.36729591198899864,0.35885298192855697
0.367420927615952,0.2914520732179309
0.3675459432429054,0.37650277286544404
0.36767095886985873,0.06393619657266773
0.3677959744968121,0.16649800917324403
0.3679209901237655,0.15880481979812572
0.3680460057507189,0.20483149745246998
0.3681710213776722,0.17870800307969048
0.3682960370046256,0.326088944637883
0.368421052631579,0.264593455270848
0.36854606825853237,0.2805435265319043
0.3686710838854857,0.03302650724165626
0.3687960995124391,0.2722627328864552
0.36892111513939246,-0.010997250826516222
0.3690461307663458,0.014220722795590505
0.3691711463932992,0.1122951558642391
0.36929616202025256,0.0009014533340342058
0.36942117764720594,-0.0034344827106689837
0.3695461932741593,0.11143272310227043
0.36967120890111266,0.1458556439104099
0.36979622452806604,-0.10831674167203896
0.3699212401550194,0.10965878941731327
0.37004625578197275,-0.22715601698853582
0.37017127140892614,0.09943847127838963
0.3702962870358795,0.06876509760534445
0.37042130266283285,-0.11293095890301076
0.37054631828978624,-0.003217315710918546
0.3706713339167396,-0.13980764933372047
0.370796349543693,-0.16844892291380936
0.37092136517064633,-0.028808562881977685
0.3710463807975997,-0.386219376040767
0.3711713964245531,-0.13712472375757956
0.3712964120515065,-0.36589360993783715
0.3714214276784598,0.0824864673856781
0.3715464433054132,-0.07327003945467397
0.3716714589323666,0.04759006542834058
0.37179647455931997,-0.1896887665473271
0.3719214901862733,-0.28455786140982403
0.3720465058132267,-0.19237900786861567
0.37217152144018006,-0.1754307496506281
0.3722965370671334,-0.2825013878375764
0.3724215526940868,-0.17465086685799128
0.37254656832104016,-0.12933923027027788
0.37267158394799355,0.05846865432972997
0.3727965995749469,-0.21074362902689273
0.37292161520190026,-0.3938474576893759
0.37304663082885364,-0.07266696215466527
0.373171646455807,-0.17854314243034106
0.37329666208276036,-0.27294353835393564
0.37342167770971374,-0.0637763028868728
0.3735466933366671,-0.4556617643573295
0.37367170896362045,-0.38017574799172194
0.37379672459057384,-0.16422538897422154
0.3739217402175272,-0.12138719890982683
0.3740467558444806,-0.18992414828305318
0.37417177147143393,-0.244649469562904
0.3742967870983873,-0.29721405914013366
0.3744218027253407,-0.4471869334488545
0.3745468183522941,-0.37795941546545064
0.3746718339792474,-0.2998149809268277
0.3747968496062008,-0.31134203767732666
0.3749218652331542,-0.36607728170318626
0.3750468808601075,-0.4756421777561554
0.3751718964870609,-0.46914941482270545
0.3752969121140143,-0.35335146929584704
0.37542192774096766,-0.4189760034307447
0.375546943367921,-0.44250950605170797
0.3756719589948744,-0.22366094048302756
0.37579697462182776,-0.5009591191387184
0.37592199024878115,-0.5547163466036423
0.3760470058757345,-0.48443273271257586
0.37617202150268786,-0.4242726719360702
0.37629703712964124,-0.5562964877098414
0.3764220527565946,-0.6061423682812976
0.37654706838354796,-0.4874494187601774
0.37667208401050134,-0.604499180408795
0.3767970996374547,-0.6085388352072135
0.37692211526440805,-0.5532229072807342
0.37704713089136144,-0.8100474601793346
0.3771721465183148,-0.8543040310093877
0.3772971621452682,-0.6257141203415892
0.37742217777222153,-0.7704890150646687
0.3775471933991749,-0.6331885445789532
0.3776722090261283,-0.6618800343740888
0.3777972246530817,-0.6022237725562469
0.377922240280035,-0.6128036379514384
0.3780472559069884,-0.5068132833372128
0.3781722715339418,-0.691037856978989
0.3782972871608951,-0.4748913656435755
0.3784223027878485,-0.7090524468140724
0.3785473184148019,-0.3226613774313975
0.37867233404175527,-0.7525627877600647
0.3787973496687086,-0.3441416886555853
0.378922365295662,-0.37576120782212946
0.37904738092261536,-0.2953538912787141
0.37917239654956875,-0.37848107752138765
0.3792974121765221,-0.34222450153131134
0.37942242780347546,-0.11234807721090105
0.37954744343042884,-0.2907090404678475
0.3796724590573822,-0.09562035819445483
0.37979747468433556,0.09971010387568847
0.37992249031128894,-0.05832247057652449
0.3800475059382423,0.08966882870856803
0.38017252156519565,0.1012778490660083
0.38029753719214904,-0.043320623260744505
0.3804225528191024,0.08650481276336114
0.3805475684460558,0.16418872800180132
0.38067258407300913,0.21803503711314068
0.3807975996999625,0.28877459484143403
0.3809226153269159,0.4966276825788439
0.38104763095386923,0.24085527671908935
0.3811726465808226,0.37797533833300695
0.381297662207776,0.5072973592466379
0.3814226778347294,0.6071216307887681
0.3815476934616827,0.5317437756842878
0.3816727090886361,0.6195126418308602
0.3817977247155895,0.5056104006148014
0.38192274034254287,0.44881471975397763
0.3820477559694962,0.4333057832959864
0.3821727715964496,0.7911707296580051
0.38229778722340296,0.816324298449154
0.38242280285035635,0.5302767622671767
0.3825478184773097,0.4736379841081827
0.38267283410426306,0.602166454228754
0.38279784973121644,0.6819822274143342
0.3829228653581698,0.5957969640577813
0.38304788098512316,0.5620564270344176
0.38317289661207654,0.648536207588839
0.3832979122390299,0.7897070467162791
0.38342292786598325,0.7369766320654343
0.38354794349293664,0.7637567032885209
0.38367295911989,0.6120412969926495
0.3837979747468434,0.6149953890312099
0.38392299037379674,0.5947896483018092
0.3840480060007501,0.6010941309710308
0.3841730216277035,0.6746323375205892
0.38429803725465683,0.602966754742031
0.3844230528816102,0.5246781031436645
0.3845480685085636,0.2183717500308633
0.384673084135517,0.5292851734640864
0.3847980997624703,0.32096490754907114
0.3849231153894237,0.37358641934888204
0.3850481310163771,0.39364301746628094
0.38517314664333047,0.38453102902409686
0.3852981622702838,0.13474415748012308
0.3854231778972372,0.16791461109043634
0.38554819352419056,0.3544125047154023
0.3856732091511439,0.13789056941666886
0.3857982247780973,0.08867891133257536
0.38592324040505066,0.20491618652057772
0.38604825603200404,0.17998504674989554
0.3861732716589574,0.25288196911347066
0.38629828728591076,0.41187505117466644
0.38642330291286414,0.37823787464266545
0.3865483185398175,0.35180964862168
0.38667333416677085,0.16403982891767835
0.38679834979372424,0.44510101263742974
0.3869233654206776,0.17892346367624257
0.387048381047631,0.2859316329601738
0.38717339667458434,0.38188727437063713
0.3872984123015377,0.2238642064174932
0.3874234279284911,0.05055838670961687
0.38754844355544443,0.250685455064157
0.3876734591823978,0.19705289307276255
0.3877984748093512,0.29776917641587247
0.3879234904363046,0.19154258326981555
0.3880485060632579,0.18695569290539293
0.3881735216902113,0.09698695003015001
0.3882985373171647,0.10929629700906841
0.38842355294411807,0.08466000169807408
0.3885485685710714,0.24215483594628742
0.3886735841980248,0.21081483586471614
0.38879859982497816,0.17702299596381613
0.3889236154519315,0.17573437836020778
0.3890486310788849,0.2082562557192443
0.38917364670583826,0.10109869037059657
0.38929866233279165,-0.04482781206375044
0.389423677959745,0.02796779327242007
0.38954869358669836,0.24788388220133487
0.38967370921365174,-0.0017224428954249
0.3897987248406051,-0.10478568229084392
0.38992374046755846,-0.23682780650080507
0.39004875609451184,-0.04651960639349943
0.3901737717214652,-0.0011005111479755235
0.39029878734841855,-0.004071805259736064
0.39042380297537194,-0.05340973798030451
0.3905488186023253,0.08948731545156734
0.3906738342292787,-0.0717921246824735
0.39079884985623203,-0.2729981247675701
0.3909238654831854,-0.013863133968403845
0.3910488811101388,-0.08484818072559484
0.3911738967370922,-0.13279160289453276
0.3912989123640455,-0.06575360860395482
0.3914239279909989,-0.08438330720532636
0.3915489436179523,-0.06805562256590754
0.3916739592449056,-0.22929725204613288
0.391798974871859,-0.33769408872795015
0.3919239904988124,-0.052128434456582474
0.39204900612576576,-0.11135784158773498
0.3921740217527191,-0.22589458415238517
0.3922990373796725,-0.22583635718854683
0.39242405300662586,-0.2409965284541072
0.39254906863357925,-0.23224832839557688
0.3926740842605326,-0.07908434153946843
0.39279909988748596,-0.3770106814244794
0.39292411551443934,-0.16922065299363376
0.3930491311413927,-0.19848483836302025
0.39317414676834606,-0.35024515096011244
0.39329916239529944,-0.19194038605139774
0.3934241780222528,-0.07026921455679366
0.39354919364920615,-0.3130325987658254
0.39367420927615954,-0.31497595373118736
0.3937992249031129,-0.10019861288288615
0.3939242405300663,-0.2214562029299964
0.39404925615701963,-0.18999785290060986
0.394174271783973,-0.22113950661831414
0.3942992874109264,-0.14941275055033057
0.3944243030378798,-0.35893499384210753
0.3945493186648331,-0.47328856297906985
0.3946743342917865,-0.2316901718298366
0.3947993499187399,-0.27941149899982354
0.3949243655456932,-0.3386223878844733
0.3950493811726466,-0.4017627518410552
0.3951743967996,-0.3510476219220643
0.39529941242655336,-0.32054038217892317
0.3954244280535067,-0.546438349396513
0.3955494436804601,-0.47670467437682795
0.39567445930741346,-0.33610379209339514
0.39579947493436685,-0.43388537914472153
0.3959244905613202,-0.6293017178602252
0.39604950618827356,-0.7119151436552585
0.39617452181522694,-0.5585667303857725
0.39629953744218027,-0.5587682894780831
0.39642455306913366,-0.544952584655292
0.39654956869608704,-0.5721759587365524
0.3966745843230404,-0.5356032270248203
0.39679959994999375,-0.7000006777642984
0.39692461557694714,-0.8501555191710519
0.3970496312039005,-0.6772872431595564
0.3971746468308539,-0.6627285137368603
0.39729966245780723,-0.7344932292699344
0.3974246780847606,-0.7486436669708006
0.397549693711714,-0.846426510567956
0.3976747093386674,-0.6019018440174652
0.3977997249656207,-0.6382894186544593
0.3979247405925741,-0.5237695096542564
0.3980497562195275,-0.5449828585131774
0.3981747718464808,-0.4718601362547831
0.3982997874734342,-0.6051310013555741
0.3984248031003876,-0.4732258793395435
0.39854981872734097,-0.4542596857751247
0.3986748343542943,-0.6112090029358944
0.3987998499812477,-0.6019087989345348
0.39892486560820106,-0.3925163606432478
0.39904988123515445,-0.4092097936412509
0.3991748968621078,-0.4196546216774769
0.39929991248906116,-0.314674413926466
0.39942492811601454,-0.2519537135630649
0.3995499437429679,-0.34802579645216153
0.39967495936992126,-0.20539901979129938
0.39979997499687464,-0.017384225766436796
0.399924990623828,0.1718971775067474
0.40005000625078135,0.08634677572171254
0.40017502187773474,0.07728015073670479
0.4003000375046881,0.1570766144281845
0.4004250531316415,0.2363897982901912
0.40055006875859483,0.19802567571659838
0.4006750843855482,0.35552505844680055
0.4008001000125016,0.3690950784499607
0.40092511563945493,0.39957567457072596
0.4010501312664083,0.3691485798575493
0.4011751468933617,0.644597013316274
0.4013001625203151,0.4672312149972794
0.4014251781472684,0.28506663386929587
0.4015501937742218,0.6962758507939248
0.4016752094011752,0.8019207248215622
0.40180022502812857,0.4804900934295428
0.4019252406550819,0.7497371620009742
0.4020502562820353,0.6473700030146133
0.40217527190898866,0.8002125848616041
0.40230028753594205,0.6788038480138351
0.4024253031628954,0.5681038336860343
0.40255031878984876,0.5390334785470456
0.40267533441680214,0.43267086254951764
0.4028003500437555,0.8049255467923315
0.40292536567070886,0.6665054076606288
0.40305038129766224,0.5785841268678509
0.4031753969246156,0.7847187078912425
0.40330041255156895,0.6904476174228731
0.40342542817852234,0.655184377375928
0.4035504438054757,0.5648586488732545
0.4036754594324291,0.4626477667743774
0.40380047505938244,0.6023805714089561
0.4039254906863358,0.4292958665201778
0.4040505063132892,0.5245016907407543
0.40417552194024253,0.5075773699681093
0.4043005375671959,0.5119579910317674
0.4044255531941493,0.4457057969089021
0.4045505688211027,0.4506843862358628
0.404675584448056,0.3219908337376456
0.4048006000750094,0.2560421587730954
0.4049256157019628,0.4110464091150807
0.40505063132891617,0.3932872442479866
0.4051756469558695,0.43117533698336935
0.4053006625828229,0.18283500343231243
0.40542567820977626,0.33741051654770104
0.4055506938367296,0.2904269588625761
0.405675709463683,0.32019813242892764
0.40580072509063636,0.3614299693004836
0.40592574071758974,0.35706604857073737
0.4060507563445431,0.2527410794951638
0.40617577197149646,0.3745989194120691
0.40630078759844984,0.37874411471796243
0.4064258032254032,0.2736537165975229
0.40655081885235655,0.3261642442062676
0.40667583447930994,0.09405720911394347
0.4068008501062633,0.10804302946628336
0.40692586573321665,0.15148536999784545
0.40705088136017004,0.14265747375750235
0.4071758969871234,0.23396401284246773
0.4073009126140768,0.254793871318325
0.40742592824103013,0.27566437911394404
0.4075509438679835,0.13563013319567607
0.4076759594949369,0.1402491554779586
0.4078009751218903,0.10124875990533055
0.4079259907488436,0.20729065273879035
0.408051006375797,0.1433403923367996
0.4081760220027504,0.15916035345130747
0.40830103762970377,0.1600161247202899
0.4084260532566571,0.08748175912452379
0.4085510688836105,0.20667512925728704
0.40867608451056386,0.082181329809019
0.4088011001375172,-0.15609050676896896
0.4089261157644706,0.01231043441072427
0.40905113139142396,0.20625459462489731
0.40917614701837735,0.1312349150808675
0.4093011626453307,-0.26517885504229255
0.40942617827228406,0.07669992286927624
0.40955119389923744,-0.004312957663406637
0.4096762095261908,-0.10770815897072886
0.40980122515314416,0.2212561116456693
0.40992624078009754,-0.004048850135859687
0.4100512564070509,-0.22675999874705177
0.41017627203400425,-0.050571121472128173
0.41030128766095764,-0.16457326214813067
0.410426303287911,-0.3071870701219079
0.4105513189148644,-0.02770229429607997
0.41067633454181773,0.10515418273646555
0.4108013501687711,-0.18647649133477603
0.4109263657957245,-0.122521157897701
0.4110513814226779,-0.22078764530885975
0.4111763970496312,-0.29464047172945157
0.4113014126765846,-0.08656813569315115
0.411426428303538,-0.10054370487779088
0.4115514439304913,-0.09770931255482573
0.4116764595574447,0.0653264619074562
0.4118014751843981,-0.1401365906269973
0.41192649081135146,-0.34872233430509514
0.4120515064383048,-0.0022010185670044017
0.4121765220652582,-0.32776559061003235
0.41230153769221156,-0.12025558294499636
0.41242655331916495,-0.27355931803987
0.4125515689461183,-0.09421051404980685
0.41267658457307166,-0.2267057676880281
0.41280160020002504,-0.26504028318488937
0.4129266158269784,-0.11255668468449465
0.41305163145393176,-0.05134891558189233
0.41317664708088514,-0.2312196491551023
0.4133016627078385,-0.14441182946822734
0.41342667833479185,-0.022756211198485702
0.41355169396174524,-0.22784713893581485
0.4136767095886986,-0.20186468114548925
0.413801725215652,-0.1872438605371106
0.41392674084260533,-0.15656678353575423
0.4140517564695587,-0.3121209137976348
0.4141767720965121,-0.21928306220027705
0.4143017877234655,-0.4196553119114267
0.4144268033504188,-0.2732809825205559
0.4145518189773722,-0.2695789294023662
0.4146768346043256,-0.23723293020113628
0.4148018502312789,-0.3516478288226623
0.4149268658582323,-0.3875728600640397
0.4150518814851857,-0.3974434271501098
0.41517689711213907,-0.5679004160083773
0.4153019127390924,-0.5416271000995568
0.4154269283660458,-0.31934135948911035
0.41555194399299916,-0.32926017398879603
0.41567695961995255,-0.4832023024566221
0.4158019752469059,-0.4893227310362313
0.41592699087385926,-0.4358470021841013
0.41605200650081264,-0.6367838900076452
0.41617702212776597,-0.6863319988411614
0.41630203775471936,-0.4839332680159208
0.41642705338167274,-0.6387511038014912
0.4165520690086261,-0.6804212505629886
0.41667708463557945,-0.5970514512308327
0.41680210026253284,-0.739630349724088
0.4169271158894862,-0.71014251769544
0.4170521315164396,-0.7261459520642486
0.41717714714339293,-0.7362514914157531
0.4173021627703463,-0.6413651831358949
0.4174271783972997,-0.7594942148629106
0.4175521940242531,-0.7132081101504045
0.4176772096512064,-0.7219865755265683
0.4178022252781598,-0.7216874300526152
0.4179272409051132,-0.6181490898334402
0.4180522565320665,-0.6238011335767415
0.4181772721590199,-0.5172504143145371
0.4183022877859733,-0.5579938996870059
0.41842730341292667,-0.6435342209195251
0.41855231903988,-0.5314810251137827
0.4186773346668334,-0.5036505538921735
0.41880235029378676,-0.42849741109992634
0.41892736592074015,-0.4727542019633895
0.4190523815476935,-0.39789434757278247
0.41917739717464686,-0.3181101862060819
0.41930241280160024,-0.5471384235191444
0.4194274284285536,-0.16554758372965955
0.41955244405550696,0.07159490712989793
0.41967745968246034,0.06074571534697287
0.4198024753094137,-0.07751543176094527
0.41992749093636705,-0.04225032272226689
0.42005250656332044,0.34412615471441993
0.4201775221902738,0.06052731186049945
0.4203025378172272,0.18043782996434266
0.42042755344418054,0.09919905277848214
0.4205525690711339,0.3041628786053919
0.4206775846980873,0.22609425256104898
0.42080260032504063,0.31311753168590745
0.420927615951994,0.5318083123888008
0.4210526315789474,0.3669916883834897
0.4211776472059008,0.5041357290780659
0.4213026628328541,0.45045964620803386
0.4214276784598075,0.6219372296698251
0.4215526940867609,0.4089691624479477
0.42167770971371427,0.6488048969184039
0.4218027253406676,0.6428607086337716
0.421927740967621,0.5151902287020252
0.42205275659457436,0.6136569740117808
0.4221777722215277,0.6052320157959951
0.4223027878484811,0.6160583449823203
0.42242780347543446,0.647068712919724
0.42255281910238784,0.7061404453079982
0.4226778347293412,0.8151929548017265
0.42280285035629456,0.54617514765566
0.42292786598324794,0.8595900101783674
0.4230528816102013,0.5779521001774363
0.42317789723715465,0.5451323404924102
0.42330291286410804,0.9310648991707453
0.4234279284910614,0.6127904520168719
0.4235529441180148,0.5563364310537117
0.42367795974496814,0.6524369353192142
0.4238029753719215,0.5144926542577286
0.4239279909988749,0.5384471254492564
0.42405300662582823,0.582601198412065
0.4241780222527816,0.5164693377330222
0.424303037879735,0.4340549500437347
0.4244280535066884,0.24787555933633515
0.4245530691336417,0.5237745757573706
0.4246780847605951,0.4414285351012163
0.4248031003875485,0.42074641172848043
0.42492811601450187,0.53466841170483
0.4250531316414552,0.36507995210920124
0.4251781472684086,0.24416875900696425
0.42530316289536196,0.21925035481346727
0.4254281785223153,0.4204600487105649
0.4255531941492687,0.3748871085575985
0.42567820977622206,0.13976614984731708
0.42580322540317544,0.09717484763087055
0.4259282410301288,0.23012497015757666
0.42605325665708216,0.1384283006958836
0.42617827228403554,0.1599909611119567
0.4263032879109889,0.1844438200755063
0.42642830353794225,0.38993646385694897
0.42655331916489564,0.15993139288125988
0.426678334791849,0.20964384335215963
0.42680335041880235,0.2606817301126107
0.42692836604575574,0.15532320266996172
0.4270533816727091,0.1119426125405601
0.4271783972996625,0.18165745579225467
0.42730341292661583,0.28616965759900903
0.4274284285535692,0.17244852706820965
0.4275534441805226,0.219250976976733
0.427678459807476,0.24060736720309328
0.4278034754344293,0.16692902753148092
0.4279284910613827,0.16592196628964545
0.4280535066883361,0.18543170764823685
0.42817852231528947,0.26477957956763226
0.4283035379422428,0.2137937963383304
0.4284285535691962,-0.08579452866767484
0.42855356919614956,0.140177025906821
0.4286785848231029,0.06320877331453567
0.4288036004500563,0.20561538724142742
0.42892861607700966,0.12099585864467363
0.42905363170396305,-0.005418261135884629
0.4291786473309164,0.13324525638835208
0.42930366295786976,0.04299278095818663
0.42942867858482314,0.08010660661190709
0.4295536942117765,0.06467699962026975
0.42967870983872986,0.02793629907596949
0.42980372546568324,0.006437081556629605
0.4299287410926366,0.0987814815410549
0.43005375671958995,0.11215382323037396
0.43017877234654334,-0.0001352731808990637
0.4303037879734967,-0.09752509872260373
0.4304288036004501,-0.06495168667549737
0.43055381922740343,-0.06898111310934953
0.4306788348543568,-0.02131128155479522
0.4308038504813102,-0.24203485884935866
0.4309288661082636,-0.08018399570031416
0.4310538817352169,-0.03854884171698313
0.4311788973621703,-0.2654404807428056
0.4313039129891237,-0.049862938261791216
0.431428928616077,-0.2814544095930306
0.4315539442430304,-0.32121572683283683
0.4316789598699838,-0.01732533430806321
0.43180397549693716,-0.012197800000997228
0.4319289911238905,-0.33803996272227993
0.4320540067508439,-0.22340323158922373
0.43217902237779726,-0.10991180981793681
0.43230403800475065,-0.22096442931560553
0.432429053631704,-0.2920129228413854
0.43255406925865736,-0.13022536931953985
0.43267908488561074,-0.10384272970212233
0.4328041005125641,-0.36525092061897463
0.43292911613951746,-0.14134025809134718
0.43305413176647084,-0.451973078098659
0.4331791473934242,-0.27417006451961934
0.43330416302037755,0.007275555993548941
0.43342917864733094,-0.23673720046722746
0.4335541942742843,-0.40438188954281284
0.4336792099012377,-0.08645238277035536
0.43380422552819103,-0.2846705189619566
0.4339292411551444,-0.20854720301533533
0.4340542567820978,-0.05179373343837202
0.4341792724090512,-0.2593921164818532
0.4343042880360045,-0.17075786304742024
0.4344293036629579,-0.31309283757684075
0.4345543192899113,-0.27618755488466085
0.4346793349168646,-0.33806335259977105
0.434804350543818,-0.3087779444081815
0.4349293661707714,-0.4670960345654168
0.43505438179772477,-0.4715857313431425
0.4351793974246781,-0.32829684003318654
0.4353044130516315,-0.3020465740947783
0.43542942867858486,-0.2368935995921172
0.43555444430553825,-0.577959744432014
0.4356794599324916,-0.452396867097983
0.43580447555944496,-0.5530591714597657
0.43592949118639834,-0.6234515326821727
0.43605450681335167,-0.47112175837144
0.43617952244030506,-0.4828625356852897
0.43630453806725844,-0.5832308882487737
0.4364295536942118,-0.6807113436369567
0.43655456932116515,-0.5050257075314203
0.43667958494811854,-0.6589905747428297
0.4368046005750719,-0.7339546833308205
0.4369296162020253,-0.5881616726703373
0.43705463182897863,-0.9086106348995479
0.437179647455932,-0.5106704437030248
0.4373046630828854,-0.6904108688333136
0.43742967870983873,-0.7357069322583032
0.4375546943367921,-0.5682227964943528
0.4376797099637455,-0.688766231670853
0.4378047255906989,-0.7783131155125678
0.4379297412176522,-0.8411495416855699
0.4380547568446056,-0.4291952834645672
0.438179772471559,-0.678951924223807
0.43830478809851237,-0.5791773738547559
0.4384298037254657,-0.6706609558897023
0.4385548193524191,-0.6181546658131851
0.43867983497937246,-0.5587999798506844
0.43880485060632585,-0.4672592998340606
0.4389298662332792,-0.5084546910844076
0.43905488186023256,-0.4418654638759167
0.43917989748718594,-0.3211806420459833
0.4393049131141393,-0.25772692413276604
0.43942992874109266,-0.24560259684986985
0.43955494436804604,0.03811477690011615
0.4396799599949994,-0.3172420425050839
0.43980497562195275,-0.09280352793003155
0.43992999124890614,-0.06549018226261982
0.4400550068758595,-0.042725327971579886
0.4401800225028129,-0.03618746115588581
0.44030503812976624,0.024950459219335575
0.4404300537567196,0.22596007465469167
0.440555069383673,0.3328923663302615
0.44068008501062633,0.29159800639794675
0.4408051006375797,0.3481354988973317
0.4409301162645331,0.25035367666957237
0.4410551318914865,0.3654253749319447
0.4411801475184398,0.5663092211598314
0.4413051631453932,0.329356562701086
0.4414301787723466,0.515057143638341
0.44155519439929997,0.5596972901208751
0.4416802100262533,0.5141352470039025
0.4418052256532067,0.6479172296646805
0.44193024128016006,0.7529273639849873
0.4420552569071134,0.6673667797933364
0.4421802725340668,0.6217315383949817
0.44230528816102016,0.6653672164792086
0.44243030378797354,0.5532155025803186
0.4425553194149269,0.7585880567320109
0.44268033504188026,0.72422890691098
0.44280535066883364,0.6902769345568227
0.442930366295787,0.8659445140199326
0.44305538192274035,0.5650307448501066
0.44318039754969374,0.6665571065723529
0.4433054131766471,0.5974496550054009
0.4434304288036005,0.6309821855996786
0.44355544443055384,0.6254982832391681
0.4436804600575072,0.5785712653493515
0.4438054756844606,0.7151355710853997
0.44393049131141393,0.7041556163486364
0.4440555069383673,0.460023438703495
0.4441805225653207,0.39276906347515483
0.4443055381922741,0.5396676137209253
0.4444305538192274,0.38517420640191585
0.4445555694461808,0.5394479155633677
0.4446805850731342,0.4840597485026121
0.44480560070008757,0.5171221932308021
0.4449306163270409,0.35924970410633283
0.4450556319539943,0.37380863277857085
0.44518064758094766,0.3175941527305423
0.445305663207901,0.5064283952946779
0.4454306788348544,0.19591497489913778
0.44555569446180776,0.12566339610963845
0.44568071008876115,0.28895494915837033
0.4458057257157145,0.3145460313781565
0.44593074134266786,0.21326574756547853
0.44605575696962124,0.20400464994975406
0.4461807725965746,0.08129998160666903
0.44630578822352795,0.1778409582017606
0.44643080385048134,0.29420642233663746
0.4465558194774347,0.3011640513363403
0.44668083510438805,0.18721032027251788
0.44680585073134144,0.07168933321437213
0.4469308663582948,0.0962359413686085
0.4470558819852482,0.003575678285295607
0.44718089761220153,-0.005320480078278146
0.4473059132391549,0.23220901267203342
0.4474309288661083,0.18310377167411807
0.4475559444930617,-0.062049837692630824
0.447680960120015,0.19507885060098035
0.4478059757469684,0.20759233405802033
0.4479309913739218,0.27509225517722535
0.4480560070008751,0.2132863248338308
0.4481810226278285,0.05118208619655182
0.4483060382547819,0.004332165394732083
0.44843105388173526,0.12100906257952232
0.4485560695086886,0.21567476023226767
0.448681085135642,0.17830533824578165
0.44880610076259536,0.06858138392433685
0.44893111638954875,-0.07316780269806256
0.4490561320165021,-0.13472780819231142
0.44918114764345546,0.18368434028945263
0.44930616327040884,0.0904805271323254
0.4494311788973622,-0.024792930283059903
0.44955619452431556,0.1591364984795794
0.44968121015126894,0.15154283266097712
0.4498062257782223,0.11424364620309965
0.44993124140517565,-0.05356086879017596
0.45005625703212904,-0.18066620713242187
0.4501812726590824,0.009833148037487426
0.4503062882860358,-0.08774229109942859
0.45043130391298913,0.11053557462560558
0.4505563195399425,-0.30399015729981577
0.4506813351668959,-0.03758726731928626
0.4508063507938493,-0.056960449984813505
0.4509313664208026,0.01152584735642209
0.451056382047756,-0.21878613589048504
0.4511813976747094,-0.006787850761752149
0.4513064133016627,-0.07221886047451574
0.4514314289286161,-0.14249321796587353
0.4515564445555695,-0.1983305466340265
0.45168146018252286,-0.09769436595126971
0.4518064758094762,-0.17830197710531415
0.4519314914364296,-0.28431706642879273
0.45205650706338296,-0.1556030725563424
0.45218152269033635,-0.04071645660411353
0.4523065383172897,-0.26569328940693565
0.45243155394424306,-0.4415315470665935
0.45255656957119644,-0.2561324842554457
0.45268158519814977,-0.28678900419077047
0.45280660082510316,-0.12817724791059223
0.45293161645205654,-0.13281633784113323
0.4530566320790099,-0.25857285406656116
0.45318164770596325,0.1537636252533945
0.45330666333291664,-0.11393865471233437
0.45343167895987,-0.3836589586087804
0.4535566945868234,-0.1531588761548914
0.45368171021377673,-0.4199201855337518
0.4538067258407301,-0.32545671336291143
0.4539317414676835,-0.21275354879739333
0.4540567570946369,-0.13938853927551162
0.4541817727215902,-0.13101614506111053
0.4543067883485436,-0.38683177489546394
0.454431803975497,-0.3632128860227372
0.4545568196024503,-0.29977392142860193
0.4546818352294037,-0.3257081782234642
0.4548068508563571,-0.12054983497611536
0.45493186648331047,-0.3337621649305192
0.4550568821102638,-0.37020239180735515
0.4551818977372172,-0.4204001610088812
0.45530691336417056,-0.3614574356636371
0.45543192899112395,-0.4137435449109917
0.4555569446180773,-0.5363748193998191
0.45568196024503066,-0.47531481649230484
0.45580697587198404,-0.4199531494676807
0.4559319914989374,-0.4941141091830188
0.45605700712589076,-0.37414622346751725
0.45618202275284414,-0.4851446904769607
0.4563070383797975,-0.5632982251257804
0.45643205400675085,-0.5469117976863908
0.45655706963370424,-0.7930516884560573
0.4566820852606576,-0.6553967711585301
0.456807100887611,-0.6134168341218869
0.45693211651456433,-0.4485451232057895
0.4570571321415177,-0.900357040534955
0.4571821477684711,-0.7344413866717668
0.45730716339542443,-0.8300378969052375
0.4574321790223778,-0.735004681525159
0.4575571946493312,-0.7291373135908918
0.4576822102762846,-0.7515005528207152
0.4578072259032379,-0.5314660391936821
0.4579322415301913,-0.6055988458863648
0.4580572571571447,-0.5991883814558201
0.45818227278409807,-0.6024405471313686
0.4583072884110514,-0.6674694752749754
0.4584323040380048,-0.44235607029548984
0.45855731966495816,-0.5421832480681101
0.45868233529191155,-0.6924742125109846
0.4588073509188649,-0.3945800988454347
0.45893236654581826,-0.4413382966070675
0.45905738217277164,-0.3649375187910063
0.459182397799725,-0.3700248860805743
0.45930741342667836,-0.30102066331333666
0.45943242905363174,-0.1315929639501404
0.4595574446805851,-0.27683959052001494
0.45968246030753845,-0.1111242253095125
0.45980747593449184,0.06871381373459472
0.4599324915614452,-0.1724978124012165
0.4600575071883986,-0.16419360714157832
0.46018252281535194,-0.0008261717439196389
0.4603075384423053,0.1652336182844794
0.4604325540692587,0.20977109142592287
0.46055756969621203,0.05844723047957255
0.4606825853231654,0.13922454642550403
0.4608076009501188,0.37844960142224116
0.4609326165770722,0.4909151161502344
0.4610576322040255,0.458982859914666
0.4611826478309789,0.40381405838854595
0.4613076634579323,0.6179523519221617
0.46143267908488567,0.5470848620482979
0.461557694711839,0.6571401101108827
0.4616827103387924,0.5858011146886855
0.46180772596574576,0.5673675521284006
0.4619327415926991,0.6054548333425486
0.4620577572196525,0.575467303984533
0.46218277284660586,0.6932478440188227
0.46230778847355924,0.7818035217367888
0.4624328041005126,0.7181883009683641
0.46255781972746596,0.5609178008618904
0.46268283535441934,0.5948410459372897
0.4628078509813727,0.6729061979116379
0.46293286660832605,0.7023216917328909
0.46305788223527944,0.6614049494641927
0.4631828978622328,0.6805108426792168
0.46330791348918615,0.663075697680123
0.46343292911613954,0.7069026864287852
0.4635579447430929,0.46905055086044734
0.4636829603700463,0.6676956573730564
0.46380797599699963,0.5667843912800122
0.463932991623953,0.4832605398146855
0.4640580072509064,0.5799390744906617
0.4641830228778598,0.573329244857063
0.4643080385048131,0.42137380599314717
0.4644330541317665,0.4667218480465545
0.4645580697587199,0.44559257534807994
0.46468308538567327,0.6023400023110554
0.4648081010126266,0.44787545423573194
0.46493311663958,0.3158980810460156
0.46505813226653336,0.27361984386299076
0.4651831478934867,0.22941919858155616
0.4653081635204401,0.460193106635786
0.46543317914739346,0.2626219931937355
0.46555819477434685,0.28080087519804736
0.4656832104013002,0.2368219212258901
0.46580822602825356,0.42247195120545267
0.46593324165520694,0.295165746831759
0.4660582572821603,0.2857692022678302
0.46618327290911366,0.3170357327872346
0.46630828853606704,0.2300176635040393
0.4664333041630204,0.2934449886119498
0.46655831978997375,0.07800044355442591
0.46668333541692714,0.31016961700606305
0.4668083510438805,0.13296180634825053
0.4669333666708339,0.37587460899092856
0.46705838229778723,0.16247887054221674
0.4671833979247406,0.23797197038285034
0.467308413551694,0.4602661312579328
0.4674334291786474,0.0843546121657384
0.4675584448056007,0.1786514318028633
0.4676834604325541,0.2947077764942799
0.4678084760595075,0.16279880420415835
0.4679334916864608,0.2681377943731951
0.4680585073134142,-0.01983402649482702
0.4681835229403676,0.06877609613914888
0.46830853856732096,0.19163789931484487
0.4684335541942743,0.07057636918749809
0.4685585698212277,-0.10012475236097938
0.46868358544818106,0.22375183739659013
0.46880860107513445,0.12932803383794514
0.4689336167020878,0.040941484346445095
0.46905863232904116,0.04129744453876679
0.46918364795599454,0.06167630231819669
0.4693086635829479,0.1356554724413157
0.46943367920990126,0.025624117931467988
0.46955869483685464,0.12069230600659255
0.469683710463808,-0.10169844471698489
0.46980872609076135,-0.04627471435216043
0.46993374171771474,0.06198176959754208
0.4700587573446681,-0.06647265885886891
0.4701837729716215,0.036741061719985105
0.47030878859857483,0.044073374923268765
0.4704338042255282,-0.013022818153018496
0.4705588198524816,-0.07678533662667718
0.470683835479435,0.037070735470365365
0.4708088511063883,-0.07220560277674509
0.4709338667333417,-0.08282028843090347
0.4710588823602951,-0.10866160248924565
0.4711838979872484,-0.018095064169701844
0.4713089136142018,-0.16877511009498566
0.4714339292411552,-0.18827347957512522
0.47155894486810856,-0.2007245081295434
0.4716839604950619,-0.16032920072245083
0.4718089761220153,-0.24227817862206324
0.47193399174896866,0.0402633357963599
0.47205900737592205,-0.22493179553083767
0.4721840230028754,-0.28107956278597973
0.47230903862982876,-0.18079506842906534
0.47243405425678214,-0.21584311584182989
0.47255906988373547,-0.274875316523654
0.47268408551068886,-0.15362375521439015
0.47280910113764224,-0.13343996620492596
0.4729341167645956,0.03650727191156422
0.47305913239154895,-0.3155399970114531
0.47318414801850234,-0.11803358319422146
0.4733091636454557,-0.14035505778002688
0.4734341792724091,-0.15301411502042034
0.47355919489936243,-0.023880079470334305
0.4736842105263158,-0.18278002011527464
0.4738092261532692,-0.22454018463078784
0.4739342417802226,-0.3797197082553506
0.4740592574071759,-0.06045802448062197
0.4741842730341293,-0.32046972362889786
0.4743092886610827,-0.426484922802036
0.474434304288036,-0.21644570511910727
0.4745593199149894,-0.34340648617037417
0.4746843355419428,-0.19058125167563758
0.47480935116889617,-0.37680004324797645
0.4749343667958495,-0.35324414691708184
0.4750593824228029,-0.5981048051828323
0.47518439804975626,-0.304772048144211
0.47530941367670965,-0.3866809976352328
0.475434429303663,-0.31919701571956177
0.47555944493061636,-0.43120027438180114
0.47568446055756974,-0.43335576943765086
0.4758094761845231,-0.3151215302338181
0.47593449181147646,-0.5619356702693266
0.47605950743842984,-0.6665573327279756
0.4761845230653832,-0.5744500930143082
0.47630953869233655,-0.3240485440370904
0.47643455431928994,-0.6167984707043159
0.4765595699462433,-0.6821822025291637
0.4766845855731967,-0.785825245710051
0.47680960120015004,-0.4319833506505805
0.4769346168271034,-0.6624519668708627
0.4770596324540568,-0.6721608948503338
0.47718464808101013,-0.6278168360493019
0.4773096637079635,-0.5476907008969862
0.4774346793349169,-0.6104089372273378
0.4775596949618703,-0.6666466281855358
0.4776847105888236,-0.7556579122113248
0.477809726215777,-0.7496744219130241
0.4779347418427304,-0.5275677213971618
0.47805975746968377,-0.6050261004628558
0.4781847730966371,-0.6010268580799102
0.4783097887235905,-0.5594330466952904
0.47843480435054386,-0.490224689587948
0.4785598199774972,-0.49678624838105584
0.4786848356044506,-0.7223493332768749
0.47880985123140396,-0.5777247824258479
0.47893486685835734,-0.355023947499209
0.4790598824853107,-0.36995076671725646
0.47918489811226406,-0.3114098951835328
0.47930991373921744,-0.13811404021557006
0.4794349293661708,-0.2125567905584401
0.47955994499312415,-0.06834131163256109
0.47968496062007754,-0.08140639861035212
0.4798099762470309,-0.15524019407216139
0.4799349918739843,-0.031149026754672515
0.48006000750093764,0.016349281802411277
0.480185023127891,-0.01798305997629117
0.4803100387548444,0.02151520387538434
0.48043505438179773,0.16673289524799148
0.4805600700087511,0.16701270477961183
0.4806850856357045,0.33216405486627126
0.4808101012626579,0.1703473636052057
0.4809351168896112,0.5031817451981372
0.4810601325165646,0.5720849275602704
0.481185148143518,0.6168036169019034
0.48131016377047137,0.5475788810003848
0.4814351793974247,0.47573763539861585
0.4815601950243781,0.6295536819602675
0.48168521065133146,0.5613103284126043
0.4818102262782848,0.5323999023822676
0.4819352419052382,0.7139015392422495
0.48206025753219156,0.5812785966766624
0.48218527315914494,0.7321685991369543
0.4823102887860983,0.5039504950746951
0.48243530441305166,0.626132777733962
0.48256032004000504,0.6252699094681261
0.4826853356669584,0.6469890147444236
0.48281035129391175,0.5233232563603092
0.48293536692086514,0.5494679054260436
0.4830603825478185,0.8375328869786172
0.48318539817477185,0.90541475661433
0.48331041380172524,0.5500851584893615
0.4834354294286786,0.5090060377221187
0.483560445055632,0.5178589611195118
0.48368546068258533,0.3782411143489972
0.4838104763095387,0.5225973774393836
0.4839354919364921,0.595119056754545
0.4840605075634455,0.5021268809510091
0.4841855231903988,0.5703022359225894
0.4843105388173522,0.3810628555396868
0.4844355544443056,0.339623546183348
0.48456057007125897,0.45261733440842933
0.4846855856982123,0.4188944910484474
0.4848106013251657,0.5275540457179143
0.48493561695211906,0.3552626891053853
0.4850606325790724,0.422425966407065
0.4851856482060258,0.46699377346858323
0.48531066383297916,0.48603959834637506
0.48543567945993255,0.4082720589898005
0.4855606950868859,0.3205101622356982
0.48568571071383926,0.24557453938320323
0.48581072634079264,0.2384738061205049
0.485935741967746,0.26906966418784145
0.48606075759469936,0.113921638683383
0.48618577322165274,0.2171240415056143
0.4863107888486061,0.2405993844883892
0.48643580447555945,0.1553497288802205
0.48656082010251284,0.2970601088331685
0.4866858357294662,0.21201997695081973
0.4868108513564196,0.2586368572329769
0.48693586698337293,0.30988591990013653
0.4870608826103263,-7.456398800497888e-05
0.4871858982372797,0.13358641769044025
0.4873109138642331,0.2668682614317555
0.4874359294911864,0.3154980057544405
0.4875609451181398,0.2673954078914112
0.4876859607450932,0.11556948335948941
0.4878109763720465,0.1132812759683821
0.4879359919989999,0.32588623200029015
0.4880610076259533,0.26969493733559396
0.48818602325290666,0.2551227598899519
0.48831103887986,0.30668401032919285
0.4884360545068134,0.1765462943951507
0.48856107013376676,0.10362376021543547
0.48868608576072015,0.15659844960962552
0.4888111013876735,0.06950931788407778
0.48893611701462686,0.1390033048504917
0.48906113264158024,0.18841116327796767
0.4891861482685336,0.061177597000264844
0.48931116389548696,0.10031040110871536
0.48943617952244034,0.06611013102009701
0.4895611951493937,0.21902290621489143
0.48968621077634705,0.13598068535207955
0.48981122640330044,0.013195469158661302
0.4899362420302538,-0.24317489383582105
0.4900612576572072,0.1312817019625565
0.49018627328416053,-0.069048055335547
0.4903112889111139,0.029042730168908834
0.4904363045380673,-0.1673715999142837
0.4905613201650207,-0.06286798863257152
0.490686335791974,-0.0006665976638578592
0.4908113514189274,-0.0980725079868025
0.4909363670458808,0.07874456062140692
0.4910613826728341,-0.17553203277156068
0.4911863982997875,0.06607549810730823
0.4913114139267409,-0.07590834357690744
0.49143642955369427,-0.03356188520929827
0.4915614451806476,-0.042977810536862296
0.491686460807601,-0.34644077715312666
0.49181147643455436,-0.1648117461505125
0.49193649206150775,-0.30334020119596145
0.4920615076884611,-0.19907077644294346
0.49218652331541446,-0.15610910710146927
0.49231153894236784,-0.27549809363725636
0.49243655456932117,-0.29612846300261425
0.49256157019627456,-0.25343411874165284
0.49268658582322794,-0.3272456780597337
0.4928116014501813,-0.2781517472112822
0.49293661707713465,0.03534058916210579
0.49306163270408804,-0.04943231710022837
0.4931866483310414,-0.1241103381096598
0.4933116639579948,-0.10389651319110926
0.49343667958494813,-0.21368158073914095
0.4935616952119015,-0.1814478733329487
0.4936867108388549,-0.14883546172814224
0.49381172646580823,-0.32021206367500693
0.4939367420927616,-0.12410895445093903
0.494061757719715,-0.3019946088511771
0.4941867733466684,-0.20490132472595743
0.4943117889736217,-0.23717456835930228
0.4944368046005751,-0.3273697786150817
0.4945618202275285,-0.15418801077197467
0.49468683585448187,-0.4703532702433557
0.4948118514814352,-0.14721981751888666
0.4949368671083886,-0.397300537868686
0.49506188273534196,-0.4559575996872265
0.49518689836229535,-0.2734390483044069
0.4953119139892487,-0.514571135760769
0.49543692961620206,-0.5185969280355269
0.49556194524315544,-0.3041525481018387
0.4956869608701088,-0.46529717811651844
0.49581197649706216,-0.4446371021396262
0.49593699212401554,-0.548365032544472
0.4960620077509689,-0.4830102758882572
0.49618702337792225,-0.47307216845744887
0.49631203900487564,-0.5864213188549898
0.496437054631829,-0.6039320086403418
0.4965620702587824,-0.48792575573876495
0.49668708588573574,-0.5742183885502572
0.4968121015126891,-0.6086059752611698
0.4969371171396425,-0.6606262551808781
0.49706213276659583,-0.7079689675376181
0.4971871483935492,-0.6336479807760999
0.4973121640205026,-0.833545294801686
0.497437179647456,-0.692551377433751
0.4975621952744093,-0.739734096721443
0.4976872109013627,-0.5647830918773072
0.4978122265283161,-0.6630903593298901
0.49793724215526947,-0.6311725871824234
0.4980622577822228,-0.42898737555061484
0.4981872734091762,-0.6781166726123492
0.49831228903612956,-0.6375901086185408
0.4984373046630829,-0.6849709643816488
0.4985623202900363,-0.6171845002854858
0.49868733591698966,-0.46868219085652335
0.49881235154394304,-0.3279686061179905
0.4989373671708964,-0.5286596587854958
0.49906238279784976,-0.508180138113662
0.49918739842480314,-0.312410462175303
0.4993124140517565,-0.4344043224564259
0.49943742967870985,-0.16812900249424337
0.49956244530566324,-0.3297277800786906
0.4996874609326166,-0.12674931281488994
0.49981247655957,-0.08137155344557305
0.49993749218652334,0.048713230782879896
0.5000625078134767,0.06432604892130864
0.50018752344043,0.20135857576558727
0.5003125390673835,0.03543217662317595
0.5004375546943368,0.08621940595726339
0.5005625703212901,0.22495656259601485
0.5006875859482436,0.24010366570626995
0.5008126015751969,0.22259657168360653
0.5009376172021504,0.44997377303808694
0.5010626328291037,0.5365785888128661
0.501187648456057,0.4852092281811681
0.5013126640830105,0.6100852151907469
0.5014376797099638,0.496923069174003
0.5015626953369171,0.35785748043658133
0.5016877109638705,0.5919843567375063
0.5018127265908239,0.5961042051983005
0.5019377422177772,0.6245848347155626
0.5020627578447306,0.5856769256858663
0.502187773471684,0.7347144200194544
0.5023127890986374,0.6498576620573953
0.5024378047255907,0.7088272998781623
0.5025628203525441,0.5921093466883122
0.5026878359794975,0.7238996724878403
0.5028128516064508,0.45810696326505485
0.5029378672334042,0.5422342028099741
0.5030628828603576,0.6495474896261574
0.5031878984873109,0.4901291192869404
0.5033129141142643,0.5649253501846978
0.5034379297412177,0.6768197960389306
0.503562945368171,0.5910030653112219
0.5036879609951245,0.5945887445302964
0.5038129766220778,0.7383716810376341
0.5039379922490311,0.4525364129001711
0.5040630078759846,0.7188048811514318
0.5041880235029379,0.40483868726381783
0.5043130391298912,0.457853779091154
0.5044380547568447,0.3498092275361101
0.504563070383798,0.3148898760743541
0.5046880860107513,0.4027094213168622
0.5048131016377048,0.4053111063113998
0.5049381172646581,0.21421405815824623
0.5050631328916115,0.2528439625350988
0.5051881485185649,0.3533157117527269
0.5053131641455182,0.379687708866069
0.5054381797724716,0.459520376370323
0.505563195399425,0.14519752088517826
0.5056882110263783,0.36546831102939586
0.5058132266533317,0.3905715442047193
0.505938242280285,0.221028083329507
0.5060632579072384,0.2922840030335457
0.5061882735341918,0.17184086544480484
0.5063132891611452,0.2973614915964513
0.5064383047880986,0.3692174469968091
0.5065633204150519,0.18749505258000437
0.5066883360420052,0.17818616042579388
0.5068133516689587,0.26781581366201146
0.506938367295912,0.0025664048348252007
0.5070633829228653,0.13102325613603102
0.5071883985498188,0.12856643940383583
0.5073134141767721,0.25889608712411183
0.5074384298037256,0.36389691467783214
0.5075634454306789,0.2946696689628746
0.5076884610576322,-0.02990290821302027
0.5078134766845857,-0.035003885935235436
0.507938492311539,0.27046816993874817
0.5080635079384923,0.031834847007539704
0.5081885235654457,0.11660141320934357
0.5083135391923991,0.13929781341665273
0.5084385548193524,0.18243042009623783
0.5085635704463058,0.17889903384885403
0.5086885860732592,0.061336239290435544
0.5088136017002126,0.12710187162420258
0.5089386173271659,0.03420686816833282
0.5090636329541193,0.09570310285177702
0.5091886485810727,-0.00015876818498130178
0.509313664208026,0.07352722043545644
0.5094386798349794,0.029356962575683557
0.5095636954619328,0.02058179312817146
0.5096887110888861,0.04489572323166161
0.5098137267158395,-0.21731830559194548
0.5099387423427929,0.10731373704538705
0.5100637579697462,0.20590781224212532
0.5101887735966997,0.15510061769689393
0.510313789223653,-0.07030690526763782
0.5104388048506063,-0.1808686938861989
0.5105638204775598,-0.03835197531384791
0.5106888361045131,-0.15063400145811548
0.5108138517314664,-0.15198025883943442
0.5109388673584199,-0.031892905553104915
0.5110638829853732,-0.19070650288578145
0.5111888986123265,-0.2307212005725544
0.51131391423928,0.029058406129010617
0.5114389298662333,-0.006433000267169986
0.5115639454931867,-0.08299856508103712
0.5116889611201401,-0.38807110035274434
0.5118139767470934,-0.12856820282685644
0.5119389923740468,-0.23804956246191597
0.5120640080010002,-0.18197981474418215
0.5121890236279535,-0.03701824698917323
0.5123140392549069,-0.19408932835238743
0.5124390548818603,-0.19894080916393445
0.5125640705088136,-0.15463240375327772
0.512689086135767,-0.0388157489301071
0.5128141017627204,-0.09568035316480836
0.5129391173896738,-0.39980337330206894
0.5130641330166271,-0.24716092592813843
0.5131891486435805,-0.04576761285943139
0.5133141642705339,-0.21406126624605476
0.5134391798974872,-0.3531090715181489
0.5135641955244405,-0.3105096442075917
0.513689211151394,-0.23583879381227257
0.5138142267783473,-0.20451801833084324
0.5139392424053006,-0.190686913294109
0.5140642580322541,-0.23930553708663274
0.5141892736592074,-0.19261665711524897
0.5143142892861609,-0.3804443324626104
0.5144393049131142,-0.5490974860039395
0.5145643205400675,-0.2470856127736879
0.514689336167021,-0.15955218887770808
0.5148143517939743,-0.4791165376127591
0.5149393674209276,-0.30151220138134305
0.515064383047881,-0.33248138001715616
0.5151893986748344,-0.34866445873609403
0.5153144143017877,-0.3330315952000525
0.5154394299287411,-0.5681630613438792
0.5155644455556945,-0.4926918468005092
0.5156894611826479,-0.2270630326018961
0.5158144768096012,-0.8073830589872438
0.5159394924365546,-0.4916225986585734
0.516064508063508,-0.557710215626765
0.5161895236904613,-0.5974704514819067
0.5163145393174147,-0.41731012752594854
0.5164395549443681,-0.6665152548762671
0.5165645705713214,-0.6077704158944561
0.5166895861982748,-0.591430917656797
0.5168146018252282,-0.6928562646479459
0.5169396174521815,-0.7169281046515644
0.517064633079135,-0.4790373883879123
0.5171896487060883,-0.5320370610158045
0.5173146643330416,-0.794331452619684
0.5174396799599951,-0.8130696464858443
0.5175646955869484,-0.6724307017750388
0.5176897112139017,-0.7607009721625626
0.5178147268408552,-0.7568396960437747
0.5179397424678085,-0.4563871167449973
0.5180647580947619,-0.638957349481163
0.5181897737217153,-0.7439511806141198
0.5183147893486686,-0.5683895572308444
0.518439804975622,-0.8678737156793246
0.5185648206025754,-0.5237244957433455
0.5186898362295287,-0.3212220204835303
0.5188148518564821,-0.8016688246701874
0.5189398674834355,-0.4769880528655047
0.5190648831103888,-0.29960094094300116
0.5191898987373422,-0.4490081110244627
0.5193149143642956,-0.5577532750227343
0.519439929991249,-0.0562341704541841
0.5195649456182023,-0.3073012269409567
0.5196899612451557,0.02793534703537529
0.5198149768721091,-0.15449212247328176
0.5199399924990624,-0.0051957049282281564
0.5200650081260157,-0.13258970354449426
0.5201900237529692,-0.13148630947719456
0.5203150393799225,0.2620261141696481
0.5204400550068758,0.1251125713042473
0.5205650706338293,0.23177710250359587
0.5206900862607826,0.3790261912900936
0.520815101887736,0.1384602703913314
0.5209401175146894,0.27312512574536457
0.5210651331416427,0.11212907954702551
0.5211901487685962,0.3391647540068303
0.5213151643955495,0.45010704809920815
0.5214401800225028,0.3384035319679813
0.5215651956494562,0.6608465139953974
0.5216902112764096,0.43726688893511345
0.5218152269033629,0.4761754792983087
0.5219402425303163,0.5507761305368482
0.5220652581572697,0.755149828307577
0.5221902737842231,0.4075593005435425
0.5223152894111764,0.6722803830546819
0.5224403050381298,0.718811857517855
0.5225653206650832,0.7399522659954877
0.5226903362920365,0.5989593669826029
0.5228153519189899,0.49427400599917504
0.5229403675459433,0.6678846827880378
0.5230653831728966,0.7150204818863578
0.52319039879985,0.6450472502886556
0.5233154144268034,0.5679926049791367
0.5234404300537567,0.5123306331833722
0.5235654456807102,0.5522476494136397
0.5236904613076635,0.6967026375952708
0.5238154769346168,0.6356184391259804
0.5239404925615703,0.4661114684716363
0.5240655081885236,0.7215897887099325
0.5241905238154769,0.6013874414043877
0.5243155394424304,0.3283114707653818
0.5244405550693837,0.4737121520257033
0.524565570696337,0.44109840323653027
0.5246905863232905,0.4233891790733834
0.5248156019502438,0.4759682991446448
0.5249406175771972,0.4056717830021699
0.5250656332041506,0.40793754974386925
0.5251906488311039,0.462297987373805
0.5253156644580573,0.1962977339047742
0.5254406800850107,0.3089702447126858
0.525565695711964,0.23130708645857734
0.5256907113389174,0.1547969355007693
0.5258157269658708,0.1925933079417828
0.5259407425928241,0.009023850469510845
0.5260657582197775,0.2522818000979287
0.5261907738467309,0.20538589612483374
0.5263157894736843,0.20766983481510665
0.5264408051006376,0.384874469230458
0.526565820727591,0.35861538941568316
0.5266908363545444,0.2020770207029617
0.5268158519814977,0.29899251766590096
0.526940867608451,0.25824546818277566
0.5270658832354045,0.3826599892340127
0.5271908988623578,0.2379452733057004
0.5273159144893111,0.2382773898885963
0.5274409301162646,0.30363116989439826
0.5275659457432179,0.19199694369450304
0.5276909613701714,0.12555652974251036
0.5278159769971247,0.16963487186425982
0.527940992624078,0.04550190109288327
0.5280660082510314,0.1664851409872661
0.5281910238779848,0.12248394510451818
0.5283160395049381,0.2137344074143162
0.5284410551318915,0.3098685224638422
0.5285660707588449,0.06043528348296272
0.5286910863857983,0.3210488394521407
0.5288161020127516,0.17268217817609438
0.528941117639705,0.19208913143158607
0.5290661332666584,0.18163264150139952
0.5291911488936117,0.013727306431353918
0.5293161645205651,0.045339200816232494
0.5294411801475185,-0.03171345359559556
0.5295661957744718,-0.008967010477729142
0.5296912114014252,-0.05369599427704693
0.5298162270283786,-0.06323696082773124
0.5299412426553319,0.009979998687863152
0.5300662582822854,-0.11527556807726749
0.5301912739092387,0.08452584198106386
0.530316289536192,0.06700506571632397
0.5304413051631455,0.14749627075902766
0.5305663207900988,-0.0223255445240219
0.5306913364170521,-0.10944333215593985
0.5308163520440056,-0.17877122281713542
0.5309413676709589,-0.02511821873722135
0.5310663832979122,-0.1054431328834131
0.5311913989248657,-0.041745211507969435
0.531316414551819,-0.2738176146181518
0.5314414301787724,-0.1114721966276457
0.5315664458057258,-0.0792933152946735
0.5316914614326791,-0.250409069200833
0.5318164770596325,-0.2149323287060739
0.5319414926865859,-0.18770088728346132
0.5320665083135392,-0.2250246878330583
0.5321915239404926,-0.24140606400121511
0.532316539567446,-0.009918526883928285
0.5324415551943993,-0.2124379492272772
0.5325665708213527,-0.20427589780084643
0.532691586448306,-0.06165925309217991
0.5328166020752595,-0.30853629108170444
0.5329416177022128,-0.5016757442340064
0.5330666333291662,-0.3261123799910375
0.5331916489561196,-0.1993249583611443
0.5333166645830729,-0.1708124157610493
0.5334416802100262,-0.23820876123293033
0.5335666958369797,-0.1726060430251793
0.533691711463933,-0.06895077265255566
0.5338167270908863,-0.27199383113065473
0.5339417427178398,-0.4661879490412136
0.5340667583447931,-0.1963737538025135
0.5341917739717466,-0.39667994154617664
0.5343167895986999,-0.30136401878089114
0.5344418052256532,-0.3771185289835161
0.5345668208526067,-0.19284049786868326
0.53469183647956,-0.1389569742212392
0.5348168521065133,-0.4199180712243599
0.5349418677334667,-0.5233996597701309
0.5350668833604201,-0.4677203636460643
0.5351918989873734,-0.2752549020732226
0.5353169146143268,-0.49236027422278655
0.5354419302412802,-0.5243164971933595
0.5355669458682336,-0.36986498236551296
0.5356919614951869,-0.43251801083465924
0.5358169771221403,-0.3931269086054964
0.5359419927490937,-0.6488213760696557
0.536067008376047,-0.6587644300166803
0.5361920240030004,-0.5299852057615603
0.5363170396299538,-0.640604541213424
0.5364420552569071,-0.7872771415799954
0.5365670708838605,-0.569903817266232
0.5366920865108139,-0.6390147380217936
0.5368171021377672,-0.6578248213696887
0.5369421177647207,-0.6535177576575851
0.537067133391674,-0.7727295954511987
0.5371921490186273,-0.530640068649155
0.5373171646455808,-0.45172371327252026
0.5374421802725341,-0.47631098006816264
0.5375671958994874,-0.8260795643239229
0.5376922115264409,-0.4953731420152783
0.5378172271533942,-0.6117172410247453
0.5379422427803476,-0.5530416425228096
0.538067258407301,-0.8149143006709344
0.5381922740342543,-0.4717005831123873
0.5383172896612077,-0.6782821985814969
0.5384423052881611,-0.640533706030824
0.5385673209151144,-0.5998230808373278
0.5386923365420678,-0.4709246984971226
0.5388173521690212,-0.37681640807871947
0.5389423677959745,-0.40033849499822227
0.5390673834229279,-0.4649223637835728
0.5391923990498813,-0.37464097254960893
0.5393174146768347,-0.404765524046372
0.539442430303788,-0.29803433374715915
0.5395674459307414,-0.25402341940635303
0.5396924615576948,-0.17561154000307333
0.5398174771846481,-0.08779182433730673
0.5399424928116014,-0.049579613290867804
0.5400675084385549,0.07507979034312966
0.5401925240655082,0.019850606249263814
0.5403175396924615,0.17103444065016507
0.540442555319415,0.22998459613449027
0.5405675709463683,0.10848452029629287
0.5406925865733218,0.4370083522726191
0.5408176022002751,0.31872411833511993
0.5409426178272284,0.3184711573268516
0.5410676334541819,0.4134358077131422
0.5411926490811352,0.18096762065836725
0.5413176647080885,0.46758738648215353
0.541442680335042,0.5267731268744653
0.5415676959619953,0.6231155315608086
0.5416927115889486,0.5276893255095398
0.541817727215902,0.6014248968543794
0.5419427428428554,0.669986627913376
0.5420677584698088,0.5367997542050459
0.5421927740967621,0.7527125152006284
0.5423177897237155,0.5903083265085473
0.5424428053506689,0.7525279570475599
0.5425678209776222,0.6063849948370684
0.5426928366045756,0.6705453088316673
0.542817852231529,0.6697182254237966
0.5429428678584823,0.7697144141912065
0.5430678834854357,0.6356872903005224
0.5431928991123891,0.6601791322338137
0.5433179147393424,0.6188100797001278
0.5434429303662959,0.7304396210368825
0.5435679459932492,0.7816999935517197
0.5436929616202025,0.5489766505860515
0.543817977247156,0.6776355323353014
0.5439429928741093,0.7212006446430722
0.5440680085010626,0.40879063394816006
0.5441930241280161,0.31317932277387167
0.5443180397549694,0.4150854775974611
0.5444430553819227,0.5797630625262228
0.5445680710088762,0.4692729780923045
0.5446930866358295,0.4555402557096213
0.5448181022627829,0.49899888837910134
0.5449431178897363,0.3742543080359721
0.5450681335166896,0.4417539875510649
0.545193149143643,0.5583168681178848
0.5453181647705964,0.13988066084062242
0.5454431803975497,0.39129901157868513
0.5455681960245031,0.42887914719874193
0.5456932116514565,0.25118574629746104
0.5458182272784098,0.2783902592406822
0.5459432429053632,0.2426479864167814
0.5460682585323166,0.3302052909839335
0.54619327415927,0.34599234888200747
0.5463182897862233,0.3472629215925058
0.5464433054131766,0.056742784788842045
0.5465683210401301,0.2553063140233948
0.5466933366670834,0.1849316211831381
0.5468183522940367,0.11172807452811644
0.5469433679209902,0.20129295342197356
0.5470683835479435,0.2313314792708577
0.5471933991748968,0.2228901605529451
0.5473184148018503,0.14734769686721955
0.5474434304288036,0.20172416898878542
0.547568446055757,0.24515796920133717
0.5476934616827104,0.28908498588615683
0.5478184773096637,0.22505141942921314
0.5479434929366171,0.3462398229207724
0.5480685085635705,0.35653521934496174
0.5481935241905238,0.3525885329826477
0.5483185398174772,0.12694187763097745
0.5484435554444306,0.09746045962445385
0.548568571071384,0.18472614442161012
0.5486935866983373,0.3157076386457162
0.5488186023252907,0.07054233481991173
0.5489436179522441,0.11197254057066179
0.5490686335791974,0.15046362544158998
0.5491936492061508,-0.012700980101806168
0.5493186648331042,0.07391991052327487
0.5494436804600575,0.08657497286386336
0.5495686960870109,0.1309722026219061
0.5496937117139643,0.017003200999278403
0.5498187273409176,0.01410658939641937
0.5499437429678711,-0.13286629045282625
0.5500687585948244,-0.05363623119476692
0.5501937742217777,-0.15778010859553226
0.5503187898487312,0.13790332429359373
0.5504438054756845,-0.05922677761764372
0.5505688211026378,-0.18232745095276506
0.5506938367295913,0.05297578482181279
0.5508188523565446,-0.3033241547855664
0.5509438679834979,-0.1901268009998317
0.5510688836104514,-0.2137804808169511
0.5511938992374047,-0.1616633359997447
0.5513189148643581,-0.09486133801372114
0.5514439304913115,-0.20127978642713093
0.5515689461182648,-0.1447178169994646
0.5516939617452182,0.03183958251515916
0.5518189773721716,-0.13306259986227623
0.5519439929991249,-0.30968770146494107
0.5520690086260783,-0.3151771990700979
0.5521940242530317,-0.14046197142649464
0.552319039879985,-0.14954081164735988
0.5524440555069384,-0.1435624466302494
0.5525690711338918,-0.3535230245911205
0.5526940867608452,-0.3481292312696559
0.5528191023877985,-0.1297357056600065
0.5529441180147519,-0.19139320059871356
0.5530691336417053,-0.3808320081914534
0.5531941492686586,-0.0909450223119642
0.553319164895612,-0.23698773156199487
0.5534441805225654,-0.30316858674081576
0.5535691961495187,-0.16655896625450922
0.553694211776472,-0.18798130072476504
0.5538192274034255,-0.224777377528318
0.5539442430303788,-0.17729336424408665
0.5540692586573323,-0.09535483766363073
0.5541942742842856,-0.27020631772469794
0.5543192899112389,-0.3744205094335304
0.5544443055381924,-0.3532481141637132
0.5545693211651457,-0.3078992463070229
0.554694336792099,-0.2267629967769291
0.5548193524190524,-0.29324587707759997
0.5549443680460058,-0.2671295779021876
0.5550693836729591,-0.30337541675575574
0.5551943992999125,-0.2968389821710185
0.5553194149268659,-0.25312979499838045
0.5554444305538193,-0.49176560346112175
0.5555694461807726,-0.4089404394818212
0.555694461807726,-0.4440399793119346
0.5558194774346794,-0.4439724115629034
0.5559444930616327,-0.5816774311656324
0.5560695086885861,-0.51081216029373
0.5561945243155395,-0.6262320831595897
0.5563195399424928,-0.5329358282072654
0.5564445555694462,-0.49396761469407496
0.5565695711963996,-0.5839943511218476
0.5566945868233529,-0.5942930382159949
0.5568196024503064,-0.6615910213094389
0.5569446180772597,-0.6886352178043015
0.557069633704213,-0.638726112350765
0.5571946493311665,-0.7022354875563939
0.5573196649581198,-0.7725784924208796
0.5574446805850731,-0.665030685354348
0.5575696962120266,-0.7751136845424218
0.5576947118389799,-0.7060475705010482
0.5578197274659332,-0.7402361108142667
0.5579447430928867,-0.7070369712788751
0.55806975871984,-0.7357010839884168
0.5581947743467934,-0.48475743376725544
0.5583197899737468,-0.5248261785801389
0.5584448056007001,-0.5330620446156644
0.5585698212276535,-0.37786522609445367
0.5586948368546069,-0.23139572309661272
0.5588198524815602,-0.3273583058523799
0.5589448681085136,-0.37579435278746576
0.559069883735467,-0.4254294112824441
0.5591948993624204,-0.35481906778166866
0.5593199149893737,-0.09720178097175673
0.559444930616327,-0.14001957130249326
0.5595699462432805,-0.16206486157099106
0.5596949618702338,0.1513663418395144
0.5598199774971871,-0.13920189377811337
0.5599449931241406,-0.07009264003804479
0.5600700087510939,0.14550668834693783
0.5601950243780472,0.01022490386672347
0.5603200400050007,0.09050051364776546
0.560445055631954,-0.03638283381411387
0.5605700712589075,0.23934122550795836
0.5606950868858608,0.4027916130517956
0.5608201025128141,0.26180416363388037
0.5609451181397676,0.42643312845206316
0.5610701337667209,0.4507553552189354
0.5611951493936742,0.4438887052742989
0.5613201650206276,0.5915825572969224
0.561445180647581,0.46129710628162207
0.5615701962745343,0.5895919389539104
0.5616952119014877,0.39884835304490174
0.5618202275284411,0.6364022413966545
0.5619452431553945,0.7109216908156716
0.5620702587823478,0.5186532182556788
0.5621952744093012,0.6615774051843435
0.5623202900362546,0.44033506078724105
0.5624453056632079,0.8071479004293012
0.5625703212901613,0.6595058201295478
0.5626953369171147,0.7974368092496958
0.562820352544068,0.6152574100353974
0.5629453681710214,0.7092996012659881
0.5630703837979748,0.3979341218227631
0.5631953994249281,0.6086238860646538
0.5633204150518816,0.5571428548484485
0.5634454306788349,0.4890756336114182
0.5635704463057882,0.6696592886075411
0.5636954619327417,0.6003042895983582
0.563820477559695,0.4923802287594093
0.5639454931866483,0.5687576968313283
0.5640705088136018,0.5359102109791843
0.5641955244405551,0.611999076121611
0.5643205400675084,0.3634352283094363
0.5644455556944619,0.4166988662709777
0.5645705713214152,0.4059573011605268
0.5646955869483686,0.45049145244135835
0.564820602575322,0.23909574404730072
0.5649456182022753,0.28253218310136863
0.5650706338292287,0.30920549725304136
0.5651956494561821,0.14915331698135212
0.5653206650831354,0.16374532134070383
0.5654456807100888,0.23819726074424702
0.5655706963370422,0.47055275819361414
0.5656957119639955,0.4673797820269251
0.5658207275909489,0.3031078405203084
0.5659457432179023,0.2933711523252877
0.5660707588448557,0.37595383717411207
0.566195774471809,0.17848753080512164
0.5663207900987623,0.3949242508611337
0.5664458057257158,0.44497324205675687
0.5665708213526691,0.1356343501986534
0.5666958369796224,-0.05490812227605342
0.5668208526065759,0.11106574380018346
0.5669458682335292,-0.0561801466811357
0.5670708838604825,0.24096884993536177
0.567195899487436,0.1815825790231336
0.5673209151143893,0.14954318665502325
0.5674459307413428,0.11962186726610108
0.5675709463682961,0.27551450924252074
0.5676959619952494,0.11452784005966414
0.5678209776222028,0.0722440814859939
0.5679459932491562,0.2208397440083208
0.5680710088761095,0.1599061353784428
0.568196024503063,0.12668413811630033
0.5683210401300163,0.1484759144165169
0.5684460557569697,0.3641674479151773
0.568571071383923,0.14020615551214602
0.5686960870108764,0.14433827107185432
0.5688211026378298,-0.03427846309163338
0.5689461182647831,0.1761310980297451
0.5690711338917365,0.1179352272332512
0.5691961495186899,0.03839342619943637
0.5693211651456432,-0.11259966936787558
0.5694461807725966,0.17009176580477103
0.56957119639955,-0.01047307019590877
0.5696962120265033,-0.142487499693824
0.5698212276534568,0.2007050265488025
0.5699462432804101,-0.1266168124551612
0.5700712589073634,-0.1600262171277178
0.5701962745343169,-0.018683974898443853
0.5703212901612702,0.0018550384196317335
0.5704463057882235,-0.30793688647091383
0.570571321415177,-0.3306657599293337
0.5706963370421303,-0.11393382416607117
0.5708213526690836,-0.12581571474358513
0.5709463682960371,-0.03232024425802727
0.5710713839229904,-0.15855269331154453
0.5711963995499438,-0.005207320305945793
0.5713214151768972,0.06563158500110768
0.5714464308038505,-0.27398717213013934
0.5715714464308039,-0.05475456880786105
0.5716964620577573,-0.2281766379799314
0.5718214776847106,-0.18718508082454924
0.571946493311664,-0.21609941898235702
0.5720715089386174,-0.1717733617920664
0.5721965245655707,-0.1453217294510648
0.5723215401925241,-0.22433257204385043
0.5724465558194775,-0.21190554401379907
0.5725715714464309,-0.08459931007978574
0.5726965870733842,-0.34327810175494716
0.5728216027003376,-0.18723452486917205
0.572946618327291,-0.21495955051067642
0.5730716339542443,-0.1395001617642303
0.5731966495811976,-0.2021633817460649
0.5733216652081511,-0.2503657105989279
0.5734466808351044,-0.11695490797293065
0.5735716964620577,-0.23264939693351577
0.5736967120890112,-0.35843081052910003
0.5738217277159645,-0.26340448987125986
0.573946743342918,-0.27663959077707156
0.5740717589698713,-0.35397739868617906
0.5741967745968246,-0.1860825881174555
0.574321790223778,-0.2604086105376755
0.5744468058507314,-0.31977620869839235
0.5745718214776847,-0.20080095857416716
0.5746968371046381,-0.24298102991302764
0.5748218527315915,-0.33359150429453754
0.5749468683585448,-0.43246195004681176
0.5750718839854982,-0.3275854680613637
0.5751968996124516,-0.4399255249072728
0.575321915239405,-0.5084836085199381
0.5754469308663583,-0.5698996687668056
0.5755719464933117,-0.45961353588606235
0.5756969621202651,-0.5462197358753815
0.5758219777472184,-0.5066616564239884
0.5759469933741718,-0.570082567049336
0.5760720090011252,-0.5154566058874599
0.5761970246280785,-0.6705427061827667
0.5763220402550319,-0.5784764915825202
0.5764470558819853,-0.5173839975766891
0.5765720715089386,-0.7039811483348579
0.5766970871358921,-0.5119963363099113
0.5768221027628454,-0.7386531137786749
0.5769471183897987,-0.6512298928920058
0.5770721340167522,-0.6941342369160828
0.5771971496437055,-0.40606659122880023
0.5773221652706588,-0.6776922973759725
0.5774471808976123,-0.8415557624537937
0.5775721965245656,-0.5489624628462446
0.5776972121515189,-0.6868452107915464
0.5778222277784724,-0.5036372956982538
0.5779472434054257,-0.5600579029710563
0.5780722590323791,-0.6574094243870742
0.5781972746593325,-0.5050340421468743
0.5783222902862858,-0.6258264450399755
0.5784473059132392,-0.578204126773127
0.5785723215401926,-0.43622143424954996
0.5786973371671459,-0.4892671568831971
0.5788223527940993,-0.6329754889815667
0.5789473684210527,-0.522809021879196
0.5790723840480061,-0.30235234491431606
0.5791973996749594,-0.5511630947399326
0.5793224153019128,-0.412837273536365
0.5794474309288662,-0.41415429558350975
0.5795724465558195,-0.14826564134188935
0.5796974621827728,-0.14443385957062463
0.5798224778097263,-0.25981567612617146
0.5799474934366796,0.01632053468305788
0.580072509063633,0.03764162674820685
0.5801975246905864,-0.032854411312467455
0.5803225403175397,0.2876903464608937
0.5804475559444932,0.07315038692012664
0.5805725715714465,0.32493471243714284
0.5806975871983998,0.3779292650489283
0.5808226028253533,0.44239101634353306
0.5809476184523066,0.4756027686514634
0.5810726340792599,0.2635919228889162
0.5811976497062133,0.4325711768319789
0.5813226653331667,0.4183179153226003
0.58144768096012,0.48365429124512704
0.5815726965870734,0.4587571659435237
0.5816977122140268,0.6560192751883448
0.5818227278409802,0.6412669048412526
0.5819477434679335,0.5772594332038997
0.5820727590948869,0.5812513919591219
0.5821977747218403,0.8772385503976778
0.5823227903487936,0.8056794333898795
0.582447805975747,0.6482113375805185
0.5825728216027004,0.8449788109271399
0.5826978372296537,0.46345770923263746
0.5828228528566071,0.6623234499023263
0.5829478684835605,0.6734992671555255
0.5830728841105138,0.6361953479563767
0.5831978997374673,0.6781267182632179
0.5833229153644206,0.458829736288633
0.5834479309913739,0.7434309694899839
0.5835729466183274,0.5347191776462478
0.5836979622452807,0.6586450166793767
0.583822977872234,0.41493130029936
0.5839479934991875,0.3714601501005689
0.5840730091261408,0.49383813191665604
0.5841980247530941,0.3629010804849764
0.5843230403800476,0.36874903514467444
0.5844480560070009,0.4593736462395038
0.5845730716339543,0.34601110478436786
0.5846980872609077,0.43122737689637297
0.584823102887861,0.4596279770950904
0.5849481185148144,0.38661622550893665
0.5850731341417678,0.442910501893355
0.5851981497687211,0.25551137302001997
0.5853231653956745,0.306925961675354
0.5854481810226279,0.21996052351185894
0.5855731966495812,0.26463228686210194
0.5856982122765346,0.25618127829068515
0.585823227903488,0.23741742020333484
0.5859482435304414,0.3308035977164158
0.5860732591573947,0.2512912244065007
0.586198274784348,0.10158007628659702
0.5863232904113015,0.2614484167668271
0.5864483060382548,0.3143755415330084
0.5865733216652081,0.22853070893898836
0.5866983372921616,0.08276710949478382
0.5868233529191149,0.05988079569474433
0.5869483685460682,0.33741056699216754
0.5870733841730217,0.18620954590670985
0.587198399799975,0.38017046148786554
0.5873234154269285,0.07278022264847565
0.5874484310538818,0.22781146396577742
0.5875734466808351,0.3016340498702533
0.5876984623077885,0.1447179086133629
0.5878234779347419,0.23170917599855861
0.5879484935616952,0.2540597702837975
0.5880735091886486,0.13894758452949443
0.588198524815602,0.09270030470584817
0.5883235404425553,0.10532890720564356
0.5884485560695087,0.24849555714572702
0.5885735716964621,-0.11077141244540754
0.5886985873234155,0.1398450899770206
0.5888236029503688,0.22633421489237499
0.5889486185773222,0.0696642621365584
0.5890736342042756,0.01889422962212518
0.5891986498312289,0.007228546930365973
0.5893236654581823,0.10172049423081715
0.5894486810851357,-0.0013726287108695877
0.589573696712089,-0.10284906081788427
0.5896987123390425,0.16544605749167715
0.5898237279659958,0.06385697271147295
0.5899487435929491,0.12654777917238808
0.5900737592199026,0.08510226690803882
0.5901987748468559,-0.030594640439395953
0.5903237904738092,0.08372170367905234
0.5904488061007627,0.015020536927966515
0.590573821727716,0.010865527563308433
0.5906988373546693,-0.3487142937411319
0.5908238529816228,-0.11085785899297741
0.5909488686085761,0.027985054318371696
0.5910738842355295,0.005263740014174871
0.5911988998624829,-0.1068115693769154
0.5913239154894362,-0.2538425798662126
0.5914489311163896,-0.3069197352833674
0.591573946743343,-0.12965730823663632
0.5916989623702963,0.032065826318609415
0.5918239779972497,-0.1841628747259813
0.5919489936242031,-0.13747806431919937
0.5920740092511564,-0.14516241086250514
0.5921990248781098,-0.24825871006981187
0.5923240405050632,-0.19198951903262132
0.5924490561320166,-0.20810233537506964
0.5925740717589699,-0.2947735586939802
0.5926990873859233,-0.10422203214397943
0.5928241030128767,-0.09652605858856995
0.59294911863983,-0.08542844195443439
0.5930741342667833,-0.10180173473865488
0.5931991498937368,-0.22027732397239708
0.5933241655206901,-0.20156307392100659
0.5934491811476434,-0.29484036828825294
0.5935741967745969,-0.20118274918427453
0.5936992124015502,-0.3322858545548719
0.5938242280285037,-0.2997280610587992
0.593949243655457,-0.22252319491963396
0.5940742592824103,-0.2716769446477577
0.5941992749093638,-0.22236502460748095
0.5943242905363171,-0.31281626702498594
0.5944493061632704,-0.3919296680184479
0.5945743217902238,-0.2425113361305421
0.5946993374171772,-0.3461200504715892
0.5948243530441305,-0.36237786296630703
0.594949368671084,-0.29481128802172973
0.5950743842980373,-0.27122312153162426
0.5951993999249907,-0.4075440612354292
0.595324415551944,-0.6757743454438107
0.5954494311788974,-0.433730460249514
0.5955744468058508,-0.5169470002756854
0.5956994624328041,-0.4680525808688318
0.5958244780597575,-0.34115743226586526
0.5959494936867109,-0.5509393769910862
0.5960745093136642,-0.4891869125055207
0.5961995249406176,-0.44454633139009037
0.596324540567571,-0.5519357391263058
0.5964495561945243,-0.7069014369981693
0.5965745718214778,-0.3729652908338338
0.5966995874484311,-0.6594527967230546
0.5968246030753844,-0.6613323764403903
0.5969496187023379,-0.7098945154630252
0.5970746343292912,-0.7101244222528256
0.5971996499562445,-0.6421379173204573
0.597324665583198,-0.814362267778581
0.5974496812101513,-0.7754021431429655
0.5975746968371046,-0.697800499706615
0.5976997124640581,-0.7266324879282207
0.5978247280910114,-0.46787376744192355
0.5979497437179648,-0.5815124255218403
0.5980747593449182,-0.710266575311924
0.5981997749718715,-0.5147212147472292
0.5983247905988249,-0.7151882498289263
0.5984498062257783,-0.5612567857039301
0.5985748218527316,-0.4812301393325184
0.598699837479685,-0.5483956770105981
0.5988248531066384,-0.44786299721857425
0.5989498687335917,-0.6559004524538351
0.5990748843605451,-0.4357255961447908
0.5991998999874985,-0.3727187743559983
0.5993249156144519,-0.3309070739409181
0.5994499312414052,-0.13708532300054893
0.5995749468683585,-0.10463640599871651
0.599699962495312,-0.17991565780856258
0.5998249781222653,-0.1589020597332978
0.5999499937492186,-0.09224175945408414
0.6000750093761721,-0.0323433253876715
0.6002000250031254,0.04542694643394846
0.6003250406300789,0.13575314766275923
0.6004500562570322,0.15746434256040948
0.6005750718839855,0.20186635984652018
0.600700087510939,0.5404612182433043
0.6008251031378923,0.46174919320161184
0.6009501187648456,0.4724543666934341
0.601075134391799,0.36816575353341013
0.6012001500187524,0.5577973382011636
0.6013251656457057,0.4970834738712272
0.6014501812726591,0.5425712637867431
0.6015751968996125,0.7022237038724949
0.6017002125265659,0.56358482779434
0.6018252281535192,0.5304338719934709
0.6019502437804726,0.6352393378216206
0.602075259407426,0.8827803834207973
0.6022002750343793,0.817240335670487
0.6023252906613327,0.6753064312605195
0.6024503062882861,0.6441621605097724
0.6025753219152394,0.7348018432439614
0.6027003375421928,0.5602643070216013
0.6028253531691462,0.7166062075413815
0.6029503687960995,0.7450138601970095
0.603075384423053,0.5259019888422198
0.6032004000500063,0.495559761242566
0.6033254156769596,0.7034827074479465
0.6034504313039131,0.5706150821136493
0.6035754469308664,0.7139815927397594
0.6037004625578197,0.6660479982543659
0.6038254781847732,0.4419507345361028
0.6039504938117265,0.5231272548716513
0.6040755094386798,0.641308629676323
0.6042005250656333,0.5085600784049731
0.6043255406925866,0.42721081003618017
0.60445055631954,0.5550541697420368
0.6045755719464934,0.25117408886528364
0.6047005875734467,0.2733263703485834
0.6048256032004001,0.24093390503209774
0.6049506188273535,0.39543461118804085
0.6050756344543068,0.6410664071143694
0.6052006500812602,0.30319803332255035
0.6053256657082136,0.3264284655955947
0.6054506813351669,0.4020206909651437
0.6055756969621203,0.32523632059780766
0.6057007125890737,0.41128306742978166
0.6058257282160271,0.26459878093909
0.6059507438429804,0.17583647430227747
0.6060757594699338,0.4131718390865415
0.6062007750968872,0.3980693959459867
0.6063257907238405,0.2960977642068648
0.6064508063507938,0.07282443032746642
0.6065758219777473,0.18862557300742758
0.6067008376047006,0.10818397667926172
0.6068258532316539,0.17095823865821702
0.6069508688586074,0.006931838514320631
0.6070758844855607,0.2598068269851282
0.6072009001125142,0.2459009972922889
0.6073259157394675,0.2731087079859286
0.6074509313664208,0.3187034172443874
0.6075759469933742,0.02656367899002588
0.6077009626203276,0.16154527801499458
0.6078259782472809,0.1569974054198009
0.6079509938742343,0.32356494221520726
0.6080760095011877,0.2296590676461406
0.608201025128141,0.08490202258507522
0.6083260407550944,0.22272903640740613
0.6084510563820478,0.06930868574948604
0.6085760720090012,0.22641353172880618
0.6087010876359545,-0.06304896611004315
0.6088261032629079,0.32607392739031227
0.6089511188898613,0.0162251012312112
0.6090761345168146,-0.022682167798774695
0.609201150143768,0.21141604421260446
0.6093261657707214,0.13882912831906172
0.6094511813976747,-0.1108248939518451
0.6095761970246282,0.016011456952974616
0.6097012126515815,0.11619729703618997
0.6098262282785348,0.20476431109450477
0.6099512439054883,0.07707131578433238
0.6100762595324416,-0.14149428833599567
0.6102012751593949,-0.12545320106099775
0.6103262907863484,0.014201133670784547
0.6104513064133017,0.04664382042729925
0.610576322040255,-0.07407796343700768
0.6107013376672085,-0.04147758499533403
0.6108263532941618,-0.22010008061064554
0.6109513689211152,0.09797766143974805
0.6110763845480686,0.12513111297652782
0.6112014001750219,-0.13984828317335998
0.6113264158019753,-0.30567606922238105
0.6114514314289287,0.020925940955489324
0.611576447055882,-0.14825990533226444
0.6117014626828354,-0.21027362464595897
0.6118264783097888,-0.03727407310623907
0.6119514939367421,-0.17646624612015685
0.6120765095636955,-0.12578419761291657
0.6122015251906489,-0.30301780085116814
0.6123265408176023,-0.08605797236348652
0.6124515564445556,-0.16684391857913858
0.612576572071509,-0.3191596720768194
0.6127015876984624,-0.21767855286485618
0.6128266033254157,-0.342274435703014
0.612951618952369,-0.22236503782236824
0.6130766345793225,-0.21137246693221567
0.6132016502062758,-0.31924662428507844
0.6133266658332291,-0.3641940897985822
0.6134516814601826,-0.2597485767028461
0.6135766970871359,-0.3786096411253172
0.6137017127140894,-0.24198607325709043
0.6138267283410427,-0.10042005953965295
0.613951743967996,-0.32426029847735094
0.6140767595949495,-0.3080788074917375
0.6142017752219028,-0.12430247533171412
0.6143267908488561,-0.28507761994013286
0.6144518064758095,-0.2182795043122543
0.6145768221027629,-0.2734107188652628
0.6147018377297162,-0.3606063819452907
0.6148268533566696,-0.5533382511292835
0.614951868983623,-0.3222568125328246
0.6150768846105764,-0.19228982541332804
0.6152019002375297,-0.32164375688853314
0.6153269158644831,-0.3374476021178505
0.6154519314914365,-0.3267436261919641
0.6155769471183898,-0.6306290199472939
0.6157019627453432,-0.3653424512834011
0.6158269783722966,-0.6721474673538888
0.6159519939992499,-0.6648315121964541
0.6160770096262033,-0.5652042140187074
0.6162020252531567,-0.5101987233493337
0.61632704088011,-0.4998337228642148
0.6164520565070635,-0.5548349760301929
0.6165770721340168,-0.40039139304876004
0.6167020877609701,-0.8553224367747725
0.6168271033879236,-0.5920689000180714
0.6169521190148769,-0.7157384182678959
0.6170771346418302,-0.7951513131512228
0.6172021502687837,-0.7376794436394659
0.617327165895737,-0.20806387998207684
0.6174521815226903,-0.7019191996244275
0.6175771971496438,-0.7203306936043569
0.6177022127765971,-0.6369906445198193
0.6178272284035505,-0.7655038912800147
0.6179522440305039,-0.509519092611446
0.6180772596574572,-0.7489689293176689
0.6182022752844106,-0.7952477549754007
0.618327290911364,-0.49931936667682764
0.6184523065383173,-0.47495950934125564
0.6185773221652707,-0.7037072231843112
0.618702337792224,-0.3808138568571046
0.6188273534191774,-0.4835296382281551
0.6189523690461308,-0.2667333003249761
0.6190773846730842,-0.14783608193086356
0.6192024003000376,-0.13129974318752183
0.6193274159269909,-0.21383753542725634
0.6194524315539442,-0.24308253412898
0.6195774471808977,-0.29478882241748705
0.619702462807851,-0.21743367666825708
0.6198274784348043,-0.037684061330040736
0.6199524940617578,-0.07247863944704198
0.6200775096887111,0.06260659549857062
0.6202025253156646,0.28001920488944665
0.6203275409426179,0.11618947338295486
0.6204525565695712,0.036331062449413955
0.6205775721965247,0.2600502242575311
0.620702587823478,0.23939142155255722
0.6208276034504313,0.4114365014802614
0.6209526190773847,0.48630038601040343
0.6210776347043381,0.4305133487823828
0.6212026503312914,0.3459298813235281
0.6213276659582448,0.47571887138677366
0.6214526815851982,0.4368614545356491
0.6215776972121516,0.580275811344048
0.6217027128391049,0.5028444576106486
0.6218277284660583,0.469969736328635
0.6219527440930117,0.4338638758587352
0.622077759719965,0.6899085795242763
0.6222027753469184,0.7842581338753218
0.6223277909738718,0.6289235283583793
0.6224528066008251,0.8106766909118236
0.6225778222277785,0.822900825809382
0.6227028378547319,0.7476876846066701
0.6228278534816852,0.5614512248279648
0.6229528691086387,0.3908591445510836
0.623077884735592,0.7772099193150399
0.6232029003625453,0.5355527433262003
0.6233279159894988,0.45211281012882065
0.6234529316164521,0.6747221710705009
0.6235779472434054,0.5612405563137541
0.6237029628703589,0.6589167304961283
0.6238279784973122,0.4366354130407001
0.6239529941242655,0.42328244435966805
0.624078009751219,0.6579473647246763
0.6242030253781723,0.30602551182341636
0.6243280410051257,0.578247721946848
0.6244530566320791,0.5563972982171046
0.6245780722590324,0.5972006474061549
0.6247030878859858,0.34387592289650776
0.6248281035129392,0.28474208211469626
0.6249531191398925,0.3439513162332145
0.6250781347668459,0.2513477110087572
0.6252031503937993,0.23601468727737798
0.6253281660207526,0.4043216098068548
0.625453181647706,0.1389232134046821
0.6255781972746594,0.17853774603952774
0.6257032129016128,0.2716905399181308
0.6258282285285661,0.12339980434772424
0.6259532441555195,0.18513519554146396
0.6260782597824729,0.17035477591541107
0.6262032754094262,0.09914698498264327
0.6263282910363795,0.11086524617081571
0.626453306663333,0.2915787921177519
0.6265783222902863,0.23917489873301576
0.6267033379172396,0.062481650979560335
0.6268283535441931,0.26151338100941285
0.6269533691711464,0.22482205617823897
0.6270783847980999,0.4807008873134444
0.6272034004250532,0.3908260726541777
0.6273284160520065,0.1805837990732536
0.62745343167896,0.15285426510594083
0.6275784473059133,0.1523839075065979
0.6277034629328666,0.09998349320540093
0.62782847855982,0.219412919888857
0.6279534941867734,0.22844453031344175
0.6280785098137267,0.09174967455142652
0.6282035254406801,-0.012031120246951804
0.6283285410676335,0.08025562545338641
0.6284535566945869,-0.076918230134398
0.6285785723215402,0.1475037313776803
0.6287035879484936,0.2711133164183671
0.628828603575447,0.036773146874990253
0.6289536192024003,0.07484123359384721
0.6290786348293537,0.09119101501186333
0.6292036504563071,0.12236909025143125
0.6293286660832604,0.09489437418699428
0.6294536817102138,0.014254086434218462
0.6295786973371672,-0.009164954435642724
0.6297037129641205,0.04452888152122812
0.629828728591074,0.0590233171154866
0.6299537442180273,0.08175126212613304
0.6300787598449806,0.03394662229695863
0.6302037754719341,-0.12049626600970262
0.6303287910988874,-0.19440249697080716
0.6304538067258407,-0.3585933566267124
0.6305788223527942,0.06045832121778234
0.6307038379797475,0.039440633004138234
0.6308288536067009,0.09617523566785866
0.6309538692336543,-0.1624964837715085
0.6310788848606076,0.037621384596748964
0.631203900487561,-0.10016940493356048
0.6313289161145144,-0.08520615292025006
0.6314539317414677,-0.037327143199005146
0.6315789473684211,-0.2982523679939365
0.6317039629953745,-0.3069798084135134
0.6318289786223278,-0.31346715276193143
0.6319539942492812,-0.2588771863488466
0.6320790098762346,-0.025480935141161645
0.632204025503188,-0.16731404888126664
0.6323290411301413,-0.08149472824618333
0.6324540567570947,-0.23131621956998377
0.6325790723840481,-0.14685847933444338
0.6327040880110014,-0.14021875761961689
0.6328291036379547,-0.23884259952875272
0.6329541192649082,0.02546438462602593
0.6330791348918615,-0.20518412366147526
0.6332041505188148,-0.1212947478461549
0.6333291661457683,-0.23775253893831333
0.6334541817727216,-0.12982400188726714
0.633579197399675,-0.3299455541642912
0.6337042130266284,-0.2377902486808024
0.6338292286535817,-0.19796786472067127
0.6339542442805352,-0.2756189885019171
0.6340792599074885,-0.33459847685012506
0.6342042755344418,-0.3598792469032481
0.6343292911613952,-0.1680793210343015
0.6344543067883486,-0.3383328630048864
0.6345793224153019,-0.3580726262860984
0.6347043380422553,-0.2745377621769312
0.6348293536692087,-0.21396700154655118
0.6349543692961621,-0.49200969043610915
0.6350793849231154,-0.38190666807553636
0.6352044005500688,-0.43656134888459636
0.6353294161770222,-0.49129473800169515
0.6354544318039755,-0.4989536777508172
0.6355794474309289,-0.6181887666818522
0.6357044630578823,-0.5666509075856794
0.6358294786848356,-0.4439316345779093
0.635954494311789,-0.6987428966575973
0.6360795099387424,-0.6529547039478845
0.6362045255656957,-0.6878959361754232
0.6363295411926492,-0.4959794125116504
0.6364545568196025,-0.6562059263084052
0.6365795724465558,-0.568524197605503
0.6367045880735093,-0.4989843638091231
0.6368296037004626,-0.5748269339978553
0.6369546193274159,-0.6772075784333146
0.6370796349543694,-0.8323804704470465
0.6372046505813227,-0.6541213183681107
0.637329666208276,-0.7493368422719058
0.6374546818352295,-0.604067520497665
0.6375796974621828,-0.6450149343386482
0.6377047130891362,-0.6472725680285039
0.6378297287160896,-0.5974743556765579
0.6379547443430429,-0.7444528912099371
0.6380797599699963,-0.6290614900417864
0.6382047755969497,-0.6497968893874447
0.638329791223903,-0.708881767333983
0.6384548068508564,-0.3705422578896167
0.6385798224778098,-0.36017726930463817
0.6387048381047631,-0.13324366175087501
0.6388298537317165,-0.4848047863157255
0.6389548693586699,-0.4475346314784298
0.6390798849856233,-0.2337149117752554
0.6392049006125766,-0.46361977394309745
0.63932991623953,-0.13517467740407804
0.6394549318664834,-0.09196076777147397
0.6395799474934367,-0.20680599436607536
0.63970496312039,-0.0953059258612976
0.6398299787473435,0.041351259041227585
0.6399549943742968,-0.04835046316064433
0.6400800100012503,0.13776550106850877
0.6402050256282036,0.2524277924343883
0.6403300412551569,0.26624494737693116
0.6404550568821104,0.21871477671861325
0.6405800725090637,0.23037307559227457
0.640705088136017,0.4581271739919641
0.6408301037629704,0.1398330736599842
0.6409551193899238,0.4073579652766718
0.6410801350168771,0.47246624613841964
0.6412051506438305,0.3834835586957571
0.6413301662707839,0.4145329106006573
0.6414551818977373,0.5567255483876
0.6415801975246906,0.5100150624516144
0.641705213151644,0.6831512704604016
0.6418302287785974,0.7438430231867565
0.6419552444055507,0.6013002215333711
0.6420802600325041,0.5494675689238286
0.6422052756594575,0.5726744372566307
0.6423302912864108,0.6346731226321616
0.6424553069133642,0.7700684597049573
0.6425803225403176,0.6798086779024541
0.6427053381672709,0.8228654035999161
0.6428303537942244,0.6997671374751014
0.6429553694211777,0.4880051107537356
0.643080385048131,0.5768714694950954
0.6432054006750845,0.5747256595319472
0.6433304163020378,0.4602420666175259
0.6434554319289911,0.6036038442874836
0.6435804475559446,0.5429814027181846
0.6437054631828979,0.480067738458062
0.6438304788098512,0.6323826069014908
0.6439554944368047,0.6762806362994735
0.644080510063758,0.7437309244089501
0.6442055256907114,0.5456456586763679
0.6443305413176648,0.40536348399910493
0.6444555569446181,0.5352268003267933
0.6445805725715715,0.5010127543469841
0.6447055881985249,0.5359526134601824
0.6448306038254782,0.22693031333057842
0.6449556194524316,0.20853689037443882
0.645080635079385,0.5904908685968033
0.6452056507063383,0.4656535359446979
0.6453306663332917,0.37970897835921
0.645455681960245,0.11146161642848854
0.6455806975871985,0.3577081661081578
0.6457057132141518,0.21855928013442155
0.6458307288411052,0.30605278973905986
0.6459557444680586,0.3095273992365704
0.6460807600950119,0.16124736972707143
0.6462057757219652,0.12682102190735542
0.6463307913489187,0.21448150742676378
0.646455806975872,0.19886152811203217
0.6465808226028253,0.07392119314653398
0.6467058382297788,-0.025039071279083315
0.6468308538567321,0.11518384752153232
0.6469558694836856,0.15860748846665118
0.6470808851106389,0.3134681212014784
0.6472059007375922,0.130362141131424
0.6473309163645456,0.298620078195228
0.647455931991499,0.16684598704039894
0.6475809476184523,0.29344662860980314
0.6477059632454057,0.17484137686856782
0.6478309788723591,0.09763996006541
0.6479559944993124,0.004074445525100718
0.6480810101262658,0.1276285705951156
0.6482060257532192,0.12899014294017405
0.6483310413801726,0.18041296928156275
0.6484560570071259,0.060608464548932005
0.6485810726340793,0.1265565916971394
0.6487060882610327,0.19382651918275876
0.648831103887986,0.19220134483809306
0.6489561195149394,0.136788322467631
0.6490811351418928,0.09493571283970441
0.6492061507688461,0.03890037535773754
0.6493311663957995,-0.004933741145428581
0.6494561820227529,-0.026297326633195617
0.6495811976497062,0.032820706234678323
0.6497062132766597,0.07433806826056895
0.649831228903613,-0.07756505241264934
0.6499562445305663,-0.1976257616470799
0.6500812601575198,0.09472023360326215
0.6502062757844731,-0.1012696271372061
0.6503312914114264,-0.05802758257717625
0.6504563070383799,-0.006193333804490487
0.6505813226653332,-0.041926751379673825
0.6507063382922866,0.04743403631622402
0.65083135391924,0.05685393950362435
0.6509563695461933,-0.05414981384726757
0.6510813851731467,-0.14023719141077742
0.6512064008001001,-0.1539481110569882
0.6513314164270534,-0.1521665307553208
0.6514564320540068,-0.24030294986185016
0.6515814476809602,-0.08354288945134306
0.6517064633079135,-0.22099473766104463
0.6518314789348669,-0.07987715461779421
0.6519564945618203,-0.13099355715991443
0.6520815101887737,-0.07554521875988976
0.652206525815727,-0.394042291205276
0.6523315414426804,-0.3158547966467217
0.6524565570696338,-0.1429816226949833
0.6525815726965871,-0.33025744028841447
0.6527065883235404,-0.04872145364328825
0.6528316039504939,-0.10007141847298555
0.6529566195774472,-0.15308505047025156
0.6530816352044005,-0.24340258228137177
0.653206650831354,-0.16205138766751379
0.6533316664583073,-0.20730808103838153
0.6534566820852608,0.016795556033949513
0.6535816977122141,-0.12033439947568719
0.6537067133391674,-0.3638929336367818
0.6538317289661209,-0.14679998284624504
0.6539567445930742,-0.24814306400212477
0.6540817602200275,-0.42967568085960894
0.654206775846981,-0.3059566571879922
0.6543317914739343,-0.3470379099192857
0.6544568071008876,-0.2576554876577153
0.654581822727841,-0.30808789592077135
0.6547068383547944,-0.3082200025365673
0.6548318539817478,-0.2836116262930318
0.6549568696087011,-0.4494319579305434
0.6550818852356545,-0.28263791447886444
0.6552069008626079,-0.47463620133682666
0.6553319164895612,-0.468255377686243
0.6554569321165146,-0.26265386723415035
0.655581947743468,-0.47458551743398925
0.6557069633704213,-0.46497490095692384
0.6558319789973747,-0.5343452201816611
0.6559569946243281,-0.47798267196526595
0.6560820102512814,-0.41078539931296876
0.6562070258782349,-0.48775942823842416
0.6563320415051882,-0.44857928238821687
0.6564570571321415,-0.6002687933545795
0.656582072759095,-0.6779958929148581
0.6567070883860483,-0.5617803384692297
0.6568321040130016,-0.5342814867866964
0.6569571196399551,-0.6220900864680786
0.6570821352669084,-0.8886385974015827
0.6572071508938617,-0.6248332256831249
0.6573321665208152,-0.6743754383163896
0.6574571821477685,-0.622774535842499
0.6575821977747219,-0.8130704726854707
0.6577072134016753,-0.650225090927172
0.6578322290286286,-0.677116022581082
0.657957244655582,-0.4629843065011037
0.6580822602825354,-0.6601131784269729
0.6582072759094887,-0.6073240049959384
0.6583322915364421,-0.49995390291209574
0.6584573071633955,-0.4460737007656788
0.6585823227903488,-0.5563306026343929
0.6587073384173022,-0.49885350668705636
0.6588323540442556,-0.6592727585779741
0.658957369671209,-0.5292482754345353
0.6590823852981623,-0.3518059409924294
0.6592074009251156,-0.20243705525004888
0.6593324165520691,-0.4681969328408826
0.6594574321790224,-0.21265176853012144
0.6595824478059757,-0.39227412375350157
0.6597074634329292,-0.05312746074185442
0.6598324790598825,-0.061733045907193064
0.6599574946868358,0.06607146465933215
0.6600825103137893,-0.06591975040176919
0.6602075259407426,0.2321137404136212
0.660332541567696,0.04821106362068547
0.6604575571946494,0.13307775290073443
0.6605825728216027,0.1603018225473304
0.6607075884485561,0.37760662245411075
0.6608326040755095,0.3620831211089863
0.6609576197024628,0.2883613967243477
0.6610826353294162,0.3008009867389784
0.6612076509563696,0.5309928227654828
0.661332666583323,0.4122127178733509
0.6614576822102763,0.40831386905074785
0.6615826978372297,0.5587691742254209
0.6617077134641831,0.6720772688945568
0.6618327290911364,0.5947777532812161
0.6619577447180898,0.723178947841043
0.6620827603450432,0.6683644798448336
0.6622077759719965,0.6212066138907819
0.6623327915989499,0.7491342131619554
0.6624578072259033,0.34744805094765846
0.6625828228528566,0.5295433736316268
0.6627078384798101,0.7011912860793604
0.6628328541067634,0.6890221691510844
0.6629578697337167,0.8311244907417578
0.6630828853606702,0.7858882238995526
0.6632079009876235,0.6593319426276704
0.6633329166145768,0.8245055272288025
0.6634579322415303,0.7052240668037238
0.6635829478684836,0.6638331818351679
0.6637079634954369,0.7388315025686909
0.6638329791223904,0.5955797514606505
0.6639579947493437,0.47634595055620804
0.6640830103762971,0.6902503441294708
0.6642080260032505,0.4755973532663154
0.6643330416302038,0.5535147931419212
0.6644580572571572,0.45238334980226147
0.6645830728841106,0.3157889582505391
0.6647080885110639,0.2849164188960164
0.6648331041380173,0.29784083241800674
0.6649581197649707,0.3631396985028548
0.665083135391924,0.2107946467602489
0.6652081510188774,0.25224305667076347
0.6653331666458308,0.3459904802753872
0.6654581822727842,0.23854889883244326
0.6655831978997375,0.26345806368162844
0.6657082135266909,0.22541758797935027
0.6658332291536443,0.4181662499206442
0.6659582447805976,0.21952150684734967
0.666083260407551,0.2555854231676322
0.6662082760345044,0.02650707926809223
0.6663332916614577,0.16533387398219695
0.666458307288411,0.34167925998704823
0.6665833229153645,0.2542987377687533
0.6667083385423178,0.30647800041636736
0.6668333541692713,0.080153515194287
0.6669583697962246,0.25399957326983813
0.6670833854231779,0.0941496766087041
0.6672084010501314,0.23694002609210765
0.6673334166770847,0.38787167550894325
0.667458432304038,0.18944546853825017
0.6675834479309914,0.35715877263512097
0.6677084635579448,0.04779379790488216
0.6678334791848981,0.19643825557039954
0.6679584948118515,0.2500276767830215
0.6680835104388049,0.16135278737885866
0.6682085260657583,0.022322408733956647
0.6683335416927116,0.15863283814023565
0.668458557319665,0.007110133678278158
0.6685835729466184,0.0552691421008585
0.6687085885735717,0.1571317758245182
0.6688336042005251,0.21051174843778325
0.6689586198274785,0.317791552034494
0.6690836354544318,-0.1347044228552693
0.6692086510813852,0.19938448944324863
0.6693336667083386,0.24772689829303057
0.6694586823352919,0.23607011246527276
0.6695836979622454,-0.04577257921192649
0.6697087135891987,-0.05422590078418191
0.669833729216152,0.13672782871003697
0.6699587448431055,0.1824465021145144
0.6700837604700588,-0.06917855356062004
0.6702087760970121,0.05781108591838085
0.6703337917239656,0.09768729943723477
0.6704588073509189,-0.10384149140623705
0.6705838229778722,-0.0941897185541607
0.6707088386048257,-0.2341839400982826
0.670833854231779,-0.10936142700054802
0.6709588698587324,-0.02704150885094791
0.6710838854856858,0.00684628390083458
0.6712089011126391,-0.057119112747558286
0.6713339167395925,-0.02824271882107411
0.6714589323665459,0.02464001923361631
0.6715839479934992,-0.03437207705273076
0.6717089636204526,-0.19870461317768429
0.671833979247406,-0.19060726607942735
0.6719589948743594,-0.4817095534261707
0.6720840105013127,-0.31380708617583075
0.672209026128266,-0.1649086044612683
0.6723340417552195,0.14375294084235346
0.6724590573821728,-0.1568812489556098
0.6725840730091261,-0.1515658226692934
0.6727090886360796,-0.3155620299615431
0.6728341042630329,-0.3518316983028722
0.6729591198899862,-0.25961406902590906
0.6730841355169397,-0.15387803933828595
0.673209151143893,-0.1337990073144849
0.6733341667708465,-0.11490974198090853
0.6734591823977998,-0.26500460847682616
0.6735841980247531,-0.14361734610618662
0.6737092136517066,-0.43812673656659845
0.6738342292786599,-0.3063238087306455
0.6739592449056132,-0.04867147861322303
0.6740842605325666,-0.03830041444520119
0.67420927615952,-0.3517497627270337
0.6743342917864733,-0.27683614538657786
0.6744593074134267,-0.18316641179685983
0.6745843230403801,-0.5074385375328785
0.6747093386673335,-0.5446517177554018
0.6748343542942868,-0.44982095979345693
0.6749593699212402,-0.2943236994758994
0.6750843855481936,-0.3772259392227159
0.6752094011751469,-0.339731101867704
0.6753344168021003,-0.3683746106110371
0.6754594324290537,-0.4502221117588182
0.675584448056007,-0.14209468213599497
0.6757094636829604,-0.47839896300611107
0.6758344793099138,-0.46359844176865095
0.6759594949368671,-0.3222162307318145
0.6760845105638206,-0.5091535438675532
0.6762095261907739,-0.5816732748296062
0.6763345418177272,-0.5823348417234189
0.6764595574446807,-0.5942084988271749
0.676584573071634,-0.75745030624471
0.6767095886985873,-0.7079434741192948
0.6768346043255408,-0.7338444402139755
0.6769596199524941,-0.5781552248508421
0.6770846355794474,-0.5098202748730986
0.6772096512064009,-0.6423226345466184
0.6773346668333542,-0.8343758535941281
0.6774596824603076,-0.6887142101678809
0.677584698087261,-0.5046301053504666
0.6777097137142143,-0.8394994086945106
0.6778347293411677,-0.7350721277784855
0.6779597449681211,-0.6015967058230136
0.6780847605950744,-0.5781874813527713
0.6782097762220278,-0.637460203893046
0.6783347918489812,-0.5284801285788205
0.6784598074759345,-0.6150196902319485
0.6785848231028879,-0.2889525933786763
0.6787098387298413,-0.4084210884992267
0.6788348543567947,-0.45400702922006547
0.678959869983748,-0.5421553231092457
0.6790848856107013,-0.3607381561798465
0.6792099012376548,-0.10656273248457365
0.6793349168646081,-0.168437987891471
0.6794599324915614,-0.3653764933864598
0.6795849481185149,-0.28069967139601376
0.6797099637454682,-0.3751245125489815
0.6798349793724215,-0.1778790793618709
0.679959994999375,0.016039670090086333
0.6800850106263283,0.14189134367256928
0.6802100262532818,-0.012614850449001533
0.6803350418802351,0.14378695661045873
0.6804600575071884,0.21998152519231323
0.6805850731341418,0.05421309054399238
0.6807100887610952,0.397816453987848
0.6808351043880485,0.4496276822777699
0.680960120015002,0.44704790639395997
0.6810851356419553,0.47030430963803466
0.6812101512689087,0.4581825205262963
0.681335166895862,0.5413133951872161
0.6814601825228154,0.5259515131532656
0.6815851981497688,0.4092229134895564
0.6817102137767221,0.5455216524097962
0.6818352294036755,0.46905106253640727
0.6819602450306289,0.6578343973962356
0.6820852606575822,0.5447620454820827
0.6822102762845356,0.6629252007211712
0.682335291911489,0.7058684459346302
0.6824603075384423,0.6131452295269694
0.6825853231653958,0.8532761712960312
0.6827103387923491,0.586373344607222
0.6828353544193024,0.6876895646029674
0.6829603700462559,0.5425644043334327
0.6830853856732092,0.7336951036378573
0.6832104013001625,0.4835114018770379
0.683335416927116,0.6551266223993416
0.6834604325540693,0.6759798079814213
0.6835854481810226,0.48555859641177096
0.6837104638079761,0.5893783878480786
0.6838354794349294,0.6526204071164211
0.6839604950618828,0.4018565611899191
0.6840855106888362,0.30038953526489715
0.6842105263157895,0.7104678120816229
0.6843355419427429,0.31908738017357025
0.6844605575696963,0.5874462308206843
0.6845855731966496,0.21473417368002284
0.684710588823603,0.4195677711713558
0.6848356044505564,0.43935420604138087
0.6849606200775097,0.24665707132008888
0.6850856357044631,0.35077676431917454
0.6852106513314165,0.5354383178527378
0.6853356669583699,0.29066703283993994
0.6854606825853232,0.18108724253321876
0.6855856982122766,0.4705433702431705
0.68571071383923,0.15675700754612953
0.6858357294661833,0.34559403815437306
0.6859607450931366,0.35524043175388026
0.6860857607200901,0.16132628346846312
0.6862107763470434,0.1878785867350766
0.6863357919739967,0.08723957141828541
0.6864608076009502,0.24632099264306678
0.6865858232279035,0.3125962790000939
0.686710838854857,0.19795464667615223
0.6868358544818103,0.10488425923968189
0.6869608701087636,0.1970843184180613
0.687085885735717,0.14771124524846924
0.6872109013626704,0.20987743996611297
0.6873359169896237,0.3556446803386293
0.6874609326165771,0.2419104885223375
0.6875859482435305,0.3598745262016739
0.6877109638704838,0.17242203731524863
0.6878359794974372,0.1242205989558708
0.6879609951243906,0.209327661086428
0.688086010751344,0.3459682723875535
0.6882110263782973,-0.025728750648053036
0.6883360420052507,0.1505011823954276
0.6884610576322041,0.13958382702127425
0.6885860732591574,0.01687513612424904
0.6887110888861108,0.12041219977772534
0.6888361045130642,0.05722973042613586
0.6889611201400175,-0.07120996443608858
0.6890861357669709,0.11376195545536343
0.6892111513939243,0.02518244209579551
0.6893361670208776,-0.036009723151398276
0.6894611826478311,0.045611558161625744
0.6895861982747844,0.03427874213700561
0.6897112139017377,0.13427442725336758
0.6898362295286912,-0.06009664006508356
0.6899612451556445,0.1349286671288491
0.6900862607825978,-0.019093419749837193
0.6902112764095513,0.0632560278182797
0.6903362920365046,-0.25607091266265186
0.6904613076634579,0.040157400803605636
0.6905863232904114,-0.004091276368507582
0.6907113389173647,-0.12630041693923863
0.6908363545443181,-0.1463013365203061
0.6909613701712715,-0.06055929968019311
0.6910863857982248,-0.028519070376409182
0.6912114014251782,0.04669107051365481
0.6913364170521316,-0.1511926025413931
0.6914614326790849,-0.07635943524687
0.6915864483060383,-0.05165673466224697
0.6917114639329917,-0.09871078711950478
0.6918364795599451,-0.09061907113377227
0.6919614951868984,-0.03649117508878767
0.6920865108138518,-0.10733853938457572
0.6922115264408052,-0.25689679790785797
0.6923365420677585,-0.213911547384605
0.6924615576947118,-0.21454630163179292
0.6925865733216653,-0.14087889748769822
0.6927115889486186,-0.3391597013227615
0.692836604575572,-0.2764596589859014
0.6929616202025254,-0.28176802356473946
0.6930866358294787,-0.1986389341018354
0.6932116514564322,-0.17908362980640885
0.6933366670833855,-0.22777212373612687
0.6934616827103388,-0.14721601506737383
0.6935866983372923,-0.30167861688805436
0.6937117139642456,-0.12172690420047785
0.6938367295911989,-0.17015106599824845
0.6939617452181523,-0.14340074372732106
0.6940867608451057,-0.23729425838685742
0.694211776472059,-0.3992898418642599
0.6943367920990124,-0.19267241205137886
0.6944618077259658,-0.27186975736819985
0.6945868233529192,-0.35125907921040506
0.6947118389798725,-0.3795997104287033
0.6948368546068259,-0.40922927500227174
0.6949618702337793,-0.6192096717451845
0.6950868858607326,-0.3501883574841098
0.695211901487686,-0.23579996820129392
0.6953369171146394,-0.2649145403924244
0.6954619327415927,-0.510438718924148
0.6955869483685461,-0.4488233417409025
0.6957119639954995,-0.3780097184386659
0.6958369796224528,-0.5857035349405617
0.6959619952494063,-0.5690792997231026
0.6960870108763596,-0.32329959563004673
0.6962120265033129,-0.4463542005826127
0.6963370421302664,-0.5592157571584132
0.6964620577572197,-0.5957246747029111
0.696587073384173,-0.5019543908166013
0.6967120890111265,-0.5162356548368143
0.6968371046380798,-0.6927218066829481
0.6969621202650331,-0.6114738257076843
0.6970871358919866,-0.39099692526085456
0.6972121515189399,-0.6154188959281547
0.6973371671458933,-0.5925817478911994
0.6974621827728467,-0.7815943013260606
0.6975871983998,-0.6805587647811406
0.6977122140267534,-0.4165049172673214
0.6978372296537068,-0.6578043765469412
0.6979622452806601,-0.6710425773405073
0.6980872609076135,-0.4803588794103035
0.6982122765345669,-0.45247780849106106
0.6983372921615202,-0.38956122267842547
0.6984623077884736,-0.4624985442439621
0.698587323415427,-0.6886148929125879
0.6987123390423804,-0.5939294305186668
0.6988373546693337,-0.5995362866085082
0.698962370296287,-0.48460587816509165
0.6990873859232405,-0.359462948287653
0.6992124015501938,-0.16505047383738994
0.6993374171771471,-0.2761463329443271
0.6994624328041006,-0.3254750070302903
0.6995874484310539,-0.05441487996856441
0.6997124640580072,-0.09610630193467601
0.6998374796849607,0.012060441727368065
0.699962495311914,-0.12786156413632652
0.7000875109388675,-0.045237649919819704
0.7002125265658208,0.17011555952856117
0.7003375421927741,0.23987858280100938
0.7004625578197275,0.29410824744662534
0.7005875734466809,0.2641562263361927
0.7007125890736342,0.24778009471716533
0.7008376047005876,0.2910406890589877
0.700962620327541,0.24733916404967846
0.7010876359544943,0.5233850668336961
0.7012126515814477,0.3161686255383394
0.7013376672084011,0.49261025850877366
0.7014626828353545,0.645505831635448
0.7015876984623078,0.6738968384305237
0.7017127140892612,0.6823933932109595
0.7018377297162146,0.8129394720237635
0.7019627453431679,0.7566834038879969
0.7020877609701213,0.798842439492716
0.7022127765970747,0.8396735927873331
0.702337792224028,0.6820951895205181
0.7024628078509815,0.6648486918368893
0.7025878234779348,0.694236017230269
0.7027128391048881,0.6537947803155328
0.7028378547318416,0.7302193256741178
0.7029628703587949,0.5997401236935238
0.7030878859857482,0.6526056162169409
0.7032129016127017,0.6304235497658
0.703337917239655,0.6534168132013708
0.7034629328666083,0.6330165120590237
0.7035879484935618,0.49690769007775815
0.7037129641205151,0.7314393904327529
0.7038379797474685,0.5573050449218782
0.7039629953744219,0.6259110489135457
0.7040880110013752,0.5086385687389898
0.7042130266283286,0.6873331178683685
0.704338042255282,0.4016755831086714
0.7044630578822353,0.31647780116193175
0.7045880735091887,0.4147882955356678
0.7047130891361421,0.32699172239450003
0.7048381047630954,0.15644803685965375
0.7049631203900488,0.25664365799436334
0.7050881360170022,0.27369934461131906
0.7052131516439556,0.40529749725165537
0.7053381672709089,0.34561122747869405
0.7054631828978623,0.3067818211979362
0.7055881985248157,0.21681524631989074
0.705713214151769,0.21663862994111194
0.7058382297787223,0.2068244057294465
0.7059632454056758,0.23290926623199495
0.7060882610326291,0.23456087614138535
0.7062132766595824,0.3827761432311007
0.7063382922865359,0.1786093310037342
0.7064633079134892,0.3499925582588183
0.7065883235404427,0.21293340516276427
0.706713339167396,0.33971343567218093
0.7068383547943493,0.3403573486026392
0.7069633704213028,0.19767611080975492
0.7070883860482561,0.2758151207030082
0.7072134016752094,0.174136564799079
0.7073384173021628,0.2361603509307812
0.7074634329291162,0.08281226786897199
0.7075884485560695,0.10663984944702005
0.7077134641830229,0.06150886481115797
0.7078384798099763,0.2160922159403122
0.7079634954369297,0.3158000084256113
0.708088511063883,0.04174019659650715
0.7082135266908364,0.14201619517868563
0.7083385423177898,0.11669812332921407
0.7084635579447431,0.03836254019310761
0.7085885735716965,-0.001247594119692099
0.7087135891986499,0.1800522495078666
0.7088386048256032,0.10026896064592304
0.7089636204525566,-0.08525431448671944
0.70908863607951,0.03414541364240077
0.7092136517064633,-0.07173203829565344
0.7093386673334168,-0.06647164556563777
0.7094636829603701,0.07816548861444911
0.7095886985873234,0.08183152462718929
0.7097137142142769,-0.0029902750989682517
0.7098387298412302,0.03936229506946349
0.7099637454681835,0.09573566518200842
0.710088761095137,-0.026372235754969185
0.7102137767220903,-0.11766942684701391
0.7103387923490436,-0.13908938548670108
0.7104638079759971,-0.08982808307559158
0.7105888236029504,-0.09167009771245896
0.7107138392299038,-0.0894005504920748
0.7108388548568572,0.04376544128579368
0.7109638704838105,-0.02018906283684045
0.7110888861107639,-0.17793303375169972
0.7112139017377173,-0.09589345129465102
0.7113389173646706,-0.20811040694535549
0.711463932991624,0.09700763492344928
0.7115889486185774,-0.13993000819245094
0.7117139642455307,-0.00444402822991368
0.7118389798724841,-0.16631084283453237
0.7119639954994375,-0.09163027810833084
0.7120890111263909,-0.044926909904139396
0.7122140267533442,-0.23032963681033694
0.7123390423802975,-0.05844384258694248
0.712464058007251,-0.05419989833625548
0.7125890736342043,-0.07002572466353145
0.7127140892611576,-0.1424501732589702
0.7128391048881111,-0.2405967079482181
0.7129641205150644,-0.13747808580899523
0.7130891361420179,0.048911330042777194
0.7132141517689712,-0.10860605999576618
0.7133391673959245,-0.333199726852884
0.713464183022878,-0.12367448976276978
0.7135891986498313,-0.36701487086074447
0.7137142142767846,-0.21296616361709322
0.713839229903738,-0.06809134203367213
0.7139642455306914,-0.31436909355407794
0.7140892611576447,-0.14974729209277912
0.7142142767845981,-0.3113586811893615
0.7143392924115515,-0.17333091455762603
0.7144643080385049,-0.2611549585491119
0.7145893236654582,-0.36488088707450805
0.7147143392924116,-0.2743636112709796
0.714839354919365,-0.24791626803990982
0.7149643705463183,-0.38755789879457864
0.7150893861732717,-0.3984523252289504
0.7152144018002251,-0.19288597190011936
0.7153394174271784,-0.5354426836182637
0.7154644330541318,-0.3336811427695957
0.7155894486810852,-0.43305489788049767
0.7157144643080385,-0.6160706880173199
0.715839479934992,-0.5518634123852613
0.7159644955619453,-0.46529162200197344
0.7160895111888986,-0.6208105849372951
0.7162145268158521,-0.7857802402917095
0.7163395424428054,-0.4744410454136281
0.7164645580697587,-0.6079099808170166
0.7165895736967122,-0.8341362500550477
0.7167145893236655,-0.7240025970062052
0.7168396049506188,-0.5735666707509882
0.7169646205775723,-0.5056247531206256
0.7170896362045256,-0.6774251807693873
0.717214651831479,-0.8126293143550489
0.7173396674584324,-0.46024329573097894
0.7174646830853857,-0.7592129567548892
0.7175896987123391,-0.5643308598680953
0.7177147143392925,-0.6289027502995063
0.7178397299662458,-0.6380645888659136
0.7179647455931992,-0.7091858327411654
0.7180897612201526,-0.6076159807369476
0.7182147768471059,-0.6380856252055832
0.7183397924740593,-0.5296929053317464
0.7184648081010127,-0.6510347116793955
0.7185898237279661,-0.5788734409735461
0.7187148393549194,-0.4813058411672692
0.7188398549818728,-0.4689934911390802
0.7189648706088262,-0.2747223927572339
0.7190898862357795,-0.3417184533083982
0.7192149018627328,-0.44186219393977405
0.7193399174896863,-0.32335966845765
0.7194649331166396,-0.20923145148239594
0.7195899487435929,-0.19037042169086787
0.7197149643705464,-0.12153220424142643
0.7198399799974997,-0.10320371487501273
0.7199649956244532,0.15161428147870315
0.7200900112514065,0.11345161717101587
0.7202150268783598,0.23514767219884497
0.7203400425053132,0.15630231606604436
0.7204650581322666,0.1888152485390994
0.7205900737592199,0.4021246907944385
0.7207150893861733,0.3727712870018747
0.7208401050131267,0.2854304967752111
0.72096512064008,0.4160708566929058
0.7210901362670334,0.40680499127843317
0.7212151518939868,0.4483257642776449
0.7213401675209402,0.393289295265568
0.7214651831478935,0.5619199251259684
0.7215901987748469,0.4630950412457625
0.7217152144018003,0.49477550894438865
0.7218402300287536,0.5475044373089956
0.721965245655707,0.7213383076733794
0.7220902612826604,0.4937224008960303
0.7222152769096137,0.6410498551830665
0.7223402925365672,0.6272879898478358
0.7224653081635205,0.6030867031043242
0.7225903237904738,0.6352518787868789
0.7227153394174273,0.6174060700535382
0.7228403550443806,0.7026953478748377
0.7229653706713339,0.7652780156650029
0.7230903862982874,0.3553388336694899
0.7232154019252407,0.5472853626119811
0.723340417552194,0.4213936773187559
0.7234654331791475,0.7511827374795315
0.7235904488061008,0.7170788477560454
0.7237154644330542,0.5398283342366232
0.7238404800600076,0.5838779682909961
0.7239654956869609,0.5156927018788512
0.7240905113139143,0.5843101709914409
0.7242155269408677,0.269706870014848
0.724340542567821,0.5587570301484233
0.7244655581947744,0.338314630461947
0.7245905738217278,0.47585552037189077
0.7247155894486811,0.4141295854465504
0.7248406050756345,0.3617464356723007
0.7249656207025879,0.41371153031443864
0.7250906363295413,0.4905889607244964
0.7252156519564946,0.5703923066742073
0.725340667583448,0.13869084386265243
0.7254656832104014,0.42389433250959796
0.7255906988373547,0.23715497057581944
0.725715714464308,0.5188432509806022
0.7258407300912615,0.20902296242252444
0.7259657457182148,0.4047911286266032
0.7260907613451681,0.38925873670070954
0.7262157769721216,0.4027157585461744
0.7263407925990749,0.37157468487670114
0.7264658082260284,0.10628050475347764
0.7265908238529817,0.19329840385027156
0.726715839479935,0.13979671122111892
0.7268408551068885,0.14216959764617723
0.7269658707338418,0.1726114439228096
0.7270908863607951,0.44991981632899175
0.7272159019877485,0.3908665579295475
0.7273409176147019,0.2374230304504535
0.7274659332416552,0.002075415166491426
0.7275909488686086,0.2581628356127273
0.727715964495562,0.06482875463193917
0.7278409801225154,-0.006361196715848049
0.7279659957494687,0.23601462796095826
0.7280910113764221,-0.048044097665326205
0.7282160270033755,0.09046692835631921
0.7283410426303288,0.08768333887328458
0.7284660582572822,0.15121580838405455
0.7285910738842356,0.15183019096010988
0.7287160895111889,0.21150135911831372
0.7288411051381423,0.39149377854163075
0.7289661207650957,0.17406790241911402
0.729091136392049,-0.01984561605346992
0.7292161520190025,-0.032037551542968994
0.7293411676459558,0.23671468681067995
0.7294661832729091,0.2648628641006494
0.7295911988998626,0.02932967027616357
0.7297162145268159,-0.025829449659282695
0.7298412301537692,-0.08936256970808552
0.7299662457807227,-0.10667683136954575
0.730091261407676,-0.11999382369520628
0.7302162770346293,-0.21768896970889773
0.7303412926615828,0.12176275615397082
0.7304663082885361,-0.11096794434943077
0.7305913239154895,-0.09182635965276037
0.7307163395424429,-0.15802469926420706
0.7308413551693962,-0.11267408626362277
0.7309663707963496,-0.19373455593205993
0.731091386423303,-0.18405282506360632
0.7312164020502563,-0.042812641688982835
0.7313414176772097,-0.00640522455791354
0.731466433304163,-0.011036682143314281
0.7315914489311164,-0.16029358229111987
0.7317164645580698,-0.22128208587281106
0.7318414801850232,-0.11363550390777719
0.7319664958119766,-0.19021662227419858
0.7320915114389299,-0.2351739038113861
0.7322165270658832,-0.2529315734643551
0.7323415426928367,-0.0290837913265818
0.73246655831979,-0.12733153526886032
0.7325915739467433,-0.25262580686466757
0.7327165895736968,-0.11644362159941188
0.7328416052006501,-0.05624926757142846
0.7329666208276036,-0.17233070699000702
0.7330916364545569,-0.38083252262290224
0.7332166520815102,-0.26162159357126724
0.7333416677084637,-0.23897547665841018
0.733466683335417,-0.3969555871734797
0.7335916989623703,-0.3048996239179562
0.7337167145893237,-0.10333454510744385
0.7338417302162771,-0.2310714146792782
0.7339667458432304,-0.15963633205207517
0.7340917614701838,-0.2120485131324136
0.7342167770971372,-0.4222846563420189
0.7343417927240906,-0.17538761603613115
0.7344668083510439,-0.4018580371267473
0.7345918239779973,-0.27560908405070644
0.7347168396049507,-0.275408038248901
0.734841855231904,-0.3785087403672719
0.7349668708588574,-0.3627864397559146
0.7350918864858108,-0.16807090160696583
0.7352169021127641,-0.47575066280333295
0.7353419177397175,-0.354389020807086
0.7354669333666709,-0.46795856809135034
0.7355919489936242,-0.4617134524820245
0.7357169646205777,-0.42519443213244784
0.735841980247531,-0.5964070848826594
0.7359669958744843,-0.557074231564846
0.7360920115014378,-0.5180128313689212
0.7362170271283911,-0.5393942121823382
0.7363420427553444,-0.6449940023693124
0.7364670583822979,-0.6369856431712596
0.7365920740092512,-0.8364164934181952
0.7367170896362045,-0.8696708677088011
0.736842105263158,-0.5475678677630966
0.7369671208901113,-0.5622173234697536
0.7370921365170647,-0.5121496351854894
0.7372171521440181,-0.6059923342524417
0.7373421677709714,-0.5327822100093078
0.7374671833979248,-0.8673395802315506
0.7375921990248782,-0.7131471625239948
0.7377172146518315,-0.7173784997669569
0.7378422302787849,-0.7903991997746828
0.7379672459057383,-0.6921437771039725
0.7380922615326916,-0.6429286493984634
0.738217277159645,-0.6561949746154323
0.7383422927865984,-0.7094814279427671
0.7384673084135518,-0.592958557132738
0.7385923240405051,-0.2156086813928262
0.7387173396674585,-0.5080550320264019
0.7388423552944119,-0.4018671477985195
0.7389673709213652,-0.3137982287902601
0.7390923865483185,-0.27776017550018894
0.739217402175272,-0.4059781746836888
0.7393424178022253,-0.08256610837675489
0.7394674334291786,-0.11168674279943075
0.7395924490561321,-0.19095617601492154
0.7397174646830854,0.030755307884880696
0.7398424803100389,0.009321982300376777
0.7399674959369922,-0.15413349451769068
0.7400925115639455,-0.07950515028131354
0.740217527190899,0.19193375538805318
0.7403425428178523,-0.019245650359313457
0.7404675584448056,0.08730617029055926
0.740592574071759,0.36919310641666264
0.7407175896987124,0.259095544877691
0.7408426053256657,0.40943734378915275
0.7409676209526191,0.3887315671640566
0.7410926365795725,0.2807202290377802
0.7412176522065259,0.4555832329967262
0.7413426678334792,0.44826463676340084
0.7414676834604326,0.4322001859823597
0.741592699087386,0.5050708895770974
0.7417177147143393,0.8177548469757547
0.7418427303412927,0.5576666379210246
0.7419677459682461,0.6896708510283162
0.7420927615951994,0.6404800493503957
0.7422177772221528,0.5310167537499658
0.7423427928491062,0.583877610474825
0.7424678084760595,0.675303015150634
0.742592824103013,0.6760266250101219
0.7427178397299663,0.5346702495902399
0.7428428553569196,0.7217483312608751
0.7429678709838731,0.5327758795415242
0.7430928866108264,0.7528826197061607
0.7432179022377797,0.7827688870126736
0.7433429178647332,0.7377838539132017
0.7434679334916865,0.4931278025033918
0.7435929491186399,0.7097945846631787
0.7437179647455933,0.5141927638359215
0.7438429803725466,0.5604621873229902
0.7439679959995,0.5308118964676434
0.7440930116264534,0.42841377697718436
0.7442180272534067,0.4347599946963324
0.7443430428803601,0.3072755507717315
0.7444680585073135,0.2860720321836916
0.7445930741342668,0.5447153570547664
0.7447180897612202,0.4469093925790108
0.7448431053881736,0.29137558938339736
0.744968121015127,0.165425479371822
0.7450931366420803,0.17667610973874479
0.7452181522690337,0.34171014219171747
0.7453431678959871,0.4273338757542841
0.7454681835229404,0.23738314207073574
0.7455931991498937,0.21796619129028882
0.7457182147768472,0.2943728208274584
0.7458432304038005,0.15288002300062792
0.7459682460307538,0.11690529037767321
0.7460932616577073,0.2526275538274123
0.7462182772846606,0.42517908928270726
0.746343292911614,0.10372956098815035
0.7464683085385674,0.1815358787603766
0.7465933241655207,0.21081580247982812
0.7467183397924742,0.20342748405918887
0.7468433554194275,0.173507709953733
0.7469683710463808,0.14287308115614225
0.7470933866733342,0.18122674397122504
0.7472184023002876,0.19842980148674438
0.7473434179272409,0.04094768462573032
0.7474684335541943,0.16948167765285682
0.7475934491811477,0.21651515498955823
0.7477184648081011,0.1628907943325125
0.7478434804350544,0.14230593433164662
0.7479684960620078,0.2508051607541291
0.7480935116889612,0.0758805341273855
0.7482185273159145,0.2191732211788683
0.7483435429428679,-0.06244547816047753
0.7484685585698213,0.14603229153176495
0.7485935741967746,0.19347816880357877
0.748718589823728,-0.024152633080877884
0.7488436054506814,0.1349327029248115
0.7489686210776347,-0.12979997609693017
0.7490936367045882,0.25027173691350757
0.7492186523315415,0.043810481895402514
0.7493436679584948,0.007381856096783404
0.7494686835854483,0.03644996197859158
0.7495936992124016,-0.006001984048135459
0.7497187148393549,-0.15593700523627108
0.7498437304663084,0.21983486748694556
0.7499687460932617,0.011834679363325768
0.750093761720215,0.09337213276288103
0.7502187773471685,0.16795237735043653
0.7503437929741218,-0.16310142422481108
0.7504688086010752,-0.08957178897778091
0.7505938242280286,-0.10696724760850163
0.7507188398549819,-0.14404843715250099
0.7508438554819353,-0.09652901003661943
0.7509688711088887,-0.021441062477628923
0.751093886735842,-0.19806553952115746
0.7512189023627954,-0.03279967966996643
0.7513439179897488,-0.2524274341141248
0.7514689336167021,-0.1715359622444307
0.7515939492436555,-0.09711034625845054
0.7517189648706089,0.011206041466431083
0.7518439804975623,-0.31941917714120827
0.7519689961245156,-0.1952384762771204
0.752094011751469,-0.20203744275553548
0.7522190273784224,-0.01762759921571906
0.7523440430053757,-0.076817740727355
0.752469058632329,-0.28565633191036816
0.7525940742592825,-0.15105000079271866
0.7527190898862358,-0.17953278889745122
0.7528441055131893,-0.1665807373756322
0.7529691211401426,-0.4511536720106957
0.7530941367670959,-0.3459851084532243
0.7532191523940494,-0.27071393712183
0.7533441680210027,-0.23733279305347962
0.753469183647956,-0.1532125255022931
0.7535941992749094,-0.2804763436379139
0.7537192149018628,-0.21021829765976102
0.7538442305288161,-0.28152417388987333
0.7539692461557695,-0.1906666750735877
0.7540942617827229,-0.16591647671390683
0.7542192774096763,-0.12536027184057358
0.7543442930366296,-0.3487009075398424
0.754469308663583,-0.1587621778713826
0.7545943242905364,-0.38020204627425574
0.7547193399174897,-0.5884411825036872
0.7548443555444431,-0.3237754185934475
0.7549693711713965,-0.36780205435420626
0.7550943867983498,-0.3522327330704925
0.7552194024253032,-0.4893581474879067
0.7553444180522566,-0.3282683997259803
0.7554694336792099,-0.360487289239534
0.7555944493061634,-0.2719457976579103
0.7557194649331167,-0.4686555127250655
0.75584448056007,-0.5363255741855897
0.7559694961870235,-0.4526855299965375
0.7560945118139768,-0.6404360771454394
0.7562195274409301,-0.45246899372871247
0.7563445430678836,-0.5208667929212224
0.7564695586948369,-0.7487653649800498
0.7565945743217902,-0.526486911761911
0.7567195899487437,-0.6816696180485243
0.756844605575697,-0.5559290109025011
0.7569696212026504,-0.6197029989697148
0.7570946368296038,-0.5805471398538419
0.7572196524565571,-0.6466836540952703
0.7573446680835105,-0.6103064171658666
0.7574696837104639,-0.7251282480786558
0.7575946993374172,-0.5862382259747622
0.7577197149643706,-0.7304214229471554
0.757844730591324,-0.6164528092169047
0.7579697462182773,-0.623538873918486
0.7580947618452307,-0.4037817027366173
0.758219777472184,-0.7680417678776474
0.7583447930991375,-0.6118319133865935
0.7584698087260908,-0.6479097052721845
0.7585948243530442,-0.6278284339446428
0.7587198399799976,-0.374316761416628
0.7588448556069509,-0.43148641936722326
0.7589698712339042,-0.39411860938791576
0.7590948868608577,-0.4205725659904976
0.759219902487811,-0.13297590655312946
0.7593449181147643,-0.3688342762762996
0.7594699337417178,-0.2916156195636485
0.7595949493686711,-0.10843832697413693
0.7597199649956246,-0.13534236966211247
0.7598449806225779,-0.07833748747919692
0.7599699962495312,0.08137286360844113
0.7600950118764846,0.1145742548016267
0.760220027503438,0.10508054296882402
0.7603450431303913,0.04078276577972221
0.7604700587573447,0.1376071206571461
0.7605950743842981,0.25155237789280793
0.7607200900112514,0.20476883796690268
0.7608451056382048,0.3841054644563319
0.7609701212651582,0.3598399179156623
0.7610951368921116,0.47382666875385315
0.7612201525190649,0.43703975185833394
0.7613451681460183,0.6421881014760725
0.7614701837729717,0.42179811923355237
0.761595199399925,0.5907977360780425
0.7617202150268784,0.5176174702357953
0.7618452306538318,0.637652469177158
0.7619702462807851,0.674646087128236
0.7620952619077385,0.7280571501534103
0.7622202775346919,0.5623026653704767
0.7623452931616452,0.6438184778250868
0.7624703087885987,0.822486731068814
0.762595324415552,0.5671009275330704
0.7627203400425053,0.5954638169314925
0.7628453556694588,0.517980014061748
0.7629703712964121,0.6256197187559555
0.7630953869233654,0.6812247881433006
0.7632204025503189,0.5855979799158678
0.7633454181772722,0.6610531230219515
0.7634704338042256,0.7552728878475663
0.763595449431179,0.4834100357116974
0.7637204650581323,0.5217890066987234
0.7638454806850857,0.5514889113217115
0.7639704963120391,0.5029314854908641
0.7640955119389924,0.33920229837304483
0.7642205275659458,0.44592645332568276
0.7643455431928992,0.4082080672458875
0.7644705588198525,0.5486454882244293
0.7645955744468059,0.508931409389958
0.7647205900737593,0.1867631363735782
0.7648456057007127,0.2791113681279001
0.764970621327666,0.43043988594539845
0.7650956369546194,0.1834926983709649
0.7652206525815728,0.19464852793748358
0.7653456682085261,0.3092148042108302
0.7654706838354794,0.2025147249041057
0.7655956994624329,0.1358634772867616
0.7657207150893862,0.14436620861466892
0.7658457307163395,0.32887524893184056
0.765970746343293,0.24122584211842382
0.7660957619702463,0.2235574332204262
0.7662207775971998,0.25518460442750357
0.7663457932241531,0.1222403732375218
0.7664708088511064,0.30044384750549996
0.7665958244780599,0.16950281534999345
0.7667208401050132,0.007785417187132382
0.7668458557319665,0.08661693995001993
0.76697087135892,0.10767028522144795
0.7670958869858733,0.08518447359229736
0.7672209026128266,0.2250216789912398
0.76734591823978,0.2041892349199878
0.7674709338667334,0.13940663241507523
0.7675959494936868,0.2367479141132675
0.7677209651206401,0.0035055555599996908
0.7678459807475935,0.26495640327418174
0.7679709963745469,0.3695089789783768
0.7680960120015002,0.21612739493014946
0.7682210276284536,0.3551910994476116
0.768346043255407,0.17701993208670708
0.7684710588823603,0.16566229580543476
0.7685960745093137,0.010944948170917748
0.7687210901362671,0.04824291534032377
0.7688461057632204,0.05654151286365249
0.7689711213901739,0.14397565948243632
0.7690961370171272,0.004640312898633158
0.7692211526440805,-0.14397707217832806
0.769346168271034,0.0683950958033477
0.7694711838979873,-0.1161199730488699
0.7695961995249406,0.08857301575328615
0.7697212151518941,0.25365635778502105
0.7698462307788474,-0.07048547065972799
0.7699712464058007,-0.0011678349042969973
0.7700962620327542,0.008694666938877495
0.7702212776597075,-0.055830774425728764
0.7703462932866609,0.07554552007377106
0.7704713089136143,-0.1837287739564516
0.7705963245405676,-0.10679958254226023
0.770721340167521,-0.0905905815368544
0.7708463557944744,-0.03239374037841743
0.7709713714214277,-0.08111615663729513
0.7710963870483811,-0.11163441107595057
0.7712214026753345,-0.2037017620919172
0.7713464183022878,-0.18703840511380337
0.7714714339292412,-0.17633781959473097
0.7715964495561946,-0.0891428781091541
0.771721465183148,-0.12161738065592388
0.7718464808101013,-0.18590049418763946
0.7719714964370546,-0.17380241533256469
0.7720965120640081,-0.2092229797228993
0.7722215276909614,-0.21899046373643968
0.7723465433179147,-0.030642786429106266
0.7724715589448682,-0.11154838601255623
0.7725965745718215,-0.08309144820893685
0.7727215901987748,-0.15013172792431478
0.7728466058257283,-0.309330988634664
0.7729716214526816,-0.2677891895156507
0.773096637079635,-0.2432668428499172
0.7732216527065884,-0.13640459048036013
0.7733466683335417,-0.11842885911677853
0.7734716839604951,-0.3192343109350471
0.7735966995874485,-0.3118279137591896
0.7737217152144018,-0.1580645106716388
0.7738467308413552,-0.19777915288942466
0.7739717464683086,-0.37267071833893484
0.774096762095262,-0.37653137831835215
0.7742217777222153,-0.27022531457397353
0.7743467933491687,-0.34184389659261893
0.7744718089761221,-0.3293765472652279
0.7745968246030754,-0.34273289346785396
0.7747218402300288,-0.3049627004146383
0.7748468558569822,-0.489380418487376
0.7749718714839355,-0.34082075054022776
0.7750968871108889,-0.5066607408804709
0.7752219027378423,-0.320604477541532
0.7753469183647956,-0.4407929380605196
0.7754719339917491,-0.37561128295587576
0.7755969496187024,-0.4437663160842846
0.7757219652456557,-0.4972031921072505
0.7758469808726092,-0.4253402182648349
0.7759719964995625,-0.44710505016207047
0.7760970121265158,-0.530963810775191
0.7762220277534693,-0.5855790017701086
0.7763470433804226,-0.5360754401661173
0.7764720590073759,-0.5115703849576234
0.7765970746343294,-0.5905648346981327
0.7767220902612827,-0.43018673431129956
0.7768471058882361,-0.5641043132458319
0.7769721215151895,-0.7508026777927512
0.7770971371421428,-0.7532294987572358
0.7772221527690962,-0.6086012960270808
0.7773471683960496,-0.6882712749436474
0.7774721840230029,-0.5956112009423732
0.7775971996499563,-0.6402394028145432
0.7777222152769097,-0.6876507650880682
0.777847230903863,-0.7337067033355819
0.7779722465308164,-0.7117152394477363
0.7780972621577698,-0.4298988744629965
0.7782222777847232,-0.4708991764898408
0.7783472934116765,-0.39932778116204165
0.7784723090386299,-0.47788275393239665
0.7785973246655833,-0.6093200821902589
0.7787223402925366,-0.4807239939100246
0.77884735591949,-0.43211256953517924
0.7789723715464434,-0.37992791736145454
0.7790973871733967,-0.4899506024170743
0.77922240280035,-0.3299641475085327
0.7793474184273035,-0.31925365851244536
0.7794724340542568,-0.2548311831829049
0.7795974496812103,-0.01532030125683089
0.7797224653081636,0.09401853952524028
0.7798474809351169,1.018596364249702e-05
0.7799724965620703,-0.03335662604552416
0.7800975121890237,-0.018429095980893873
0.780222527815977,0.35472219143675937
0.7803475434429304,0.26204280141159714
0.7804725590698838,0.10598414200709243
0.7805975746968371,0.15676749626983358
0.7807225903237905,0.2375604886406497
0.7808476059507439,0.24855130305883727
0.7809726215776973,0.39330136383753406
0.7810976372046506,0.3870666384903325
0.781222652831604,0.3355593017649124
0.7813476684585574,0.6253631062892276
0.7814726840855107,0.4162202272149016
0.7815976997124641,0.6224225179813967
0.7817227153394175,0.6018872456628165
0.7818477309663708,0.6118221516579677
0.7819727465933242,0.5532753941413749
0.7820977622202776,0.501567533868306
0.7822227778472309,0.6251642722837366
0.7823477934741844,0.650619694132228
0.7824728091011377,0.809539101420918
0.782597824728091,0.6531620015126749
0.7827228403550445,0.4931332311351582
0.7828478559819978,0.6800602044469911
0.7829728716089511,0.6106048083716629
0.7830978872359046,0.6790523948165473
0.7832229028628579,0.7156376286010923
0.7833479184898112,0.6213598206955643
0.7834729341167647,0.5670836263526323
0.783597949743718,0.6081453911609065
0.7837229653706714,0.5323587839285422
0.7838479809976248,0.5375469474700028
0.7839729966245781,0.5190626486147215
0.7840980122515315,0.6359914188294722
0.7842230278784849,0.2953716712402257
0.7843480435054382,0.5982441473204565
0.7844730591323916,0.4055306127539282
0.784598074759345,0.40473752287580284
0.7847230903862984,0.42181681414971667
0.7848481060132517,0.41190212962354905
0.784973121640205,0.5324513154567648
0.7850981372671585,0.41475256727222426
0.7852231528941118,0.43840172698503066
0.7853481685210651,0.2623520422089568
0.7854731841480186,0.41957795873752457
0.7855981997749719,0.42593288813313224
0.7857232154019252,0.46849429241113244
0.7858482310288787,0.25127839696934806
0.785973246655832,0.21773618294293742
0.7860982622827855,0.40192619944336444
0.7862232779097388,0.23508929111370197
0.7863482935366921,0.19561529589732476
0.7864733091636456,0.335711000315306
0.7865983247905989,0.07465390758334033
0.7867233404175522,0.3083694259394468
0.7868483560445056,0.19531461929429353
0.786973371671459,0.19300287775923197
0.7870983872984123,0.3685164086543425
0.7872234029253657,0.22640308809726864
0.7873484185523191,-0.04154390295438427
0.7874734341792725,0.26859843008162143
0.7875984498062258,0.2496374798953142
0.7877234654331792,0.15365428040904566
0.7878484810601326,0.22042202811090508
0.7879734966870859,0.18159858292635436
0.7880985123140393,0.0065640382014107495
0.7882235279409927,0.1786164308556508
0.788348543567946,0.20619026200487425
0.7884735591948994,0.11914416464004764
0.7885985748218528,0.18683613516062056
0.7887235904488061,0.17713205629051368
0.7888486060757596,0.19183303350348135
0.7889736217027129,0.23924801988303981
0.7890986373296662,0.12960416961235927
0.7892236529566197,0.012777886787490943
0.789348668583573,0.09193867682535094
0.7894736842105263,-0.0401947411065488
0.7895986998374798,0.011606531732840571
0.7897237154644331,-0.06750812608292193
0.7898487310913864,0.18481715781107108
0.7899737467183399,0.2123506811559698
0.7900987623452932,-0.00889677309334395
0.7902237779722466,-0.001332260393747853
0.7903487935992,-0.10514706035322018
0.7904738092261533,-0.04656440281348903
0.7905988248531067,-0.1665114168385906
0.7907238404800601,-0.16954993311095568
0.7908488561070134,-0.09160793137386793
0.7909738717339668,0.16144528954627793
0.7910988873609202,-0.20869793082573027
0.7912239029878735,-0.28185997758975273
0.7913489186148269,-0.14192152320568596
0.7914739342417803,-0.1220127045238024
0.7915989498687337,-0.15676619030295685
0.791723965495687,-0.31093818564368647
0.7918489811226403,-0.1871605359559881
0.7919739967495938,-0.29586923751930644
0.7920990123765471,-0.29805892065604733
0.7922240280035004,0.00729512906833916
0.7923490436304539,-0.08759986925701436
0.7924740592574072,-0.34835539455515974
0.7925990748843605,-0.08397857849079676
0.792724090511314,-0.3017163527857799
0.7928491061382673,-0.1462853605033637
0.7929741217652208,-0.06468013115734123
0.7930991373921741,-0.1690393123073546
0.7932241530191274,-0.21167457657625982
0.7933491686460808,-0.14663805502630853
0.7934741842730342,-0.2557611776191134
0.7935991998999875,-0.36272796605715485
0.793724215526941,-0.17187915874347628
0.7938492311538943,-0.06320200774855776
0.7939742467808477,-0.19049483018684746
0.794099262407801,-0.23049077877806395
0.7942242780347544,-0.06722692292816333
0.7943492936617078,-0.2689643366947176
0.7944743092886611,-0.2283345463469386
0.7945993249156145,-0.4155368462328353
0.7947243405425679,-0.24960862889294158
0.7948493561695212,-0.08091534910635635
0.7949743717964746,-0.2185967234002146
0.795099387423428,-0.48585138321571686
0.7952244030503813,-0.3602348105453823
0.7953494186773348,-0.4655984812090081
0.7954744343042881,-0.6561626721564818
0.7955994499312414,-0.5040212004759638
0.7957244655581949,-0.27103824918637887
0.7958494811851482,-0.6645447413100303
0.7959744968121015,-0.47776854457720214
0.796099512439055,-0.6096352402448747
0.7962245280660083,-0.5637366304656659
0.7963495436929616,-0.49129365847107326
0.7964745593199151,-0.5604547392412201
0.7965995749468684,-0.5919339698951537
0.7967245905738218,-0.7679118654267212
0.7968496062007752,-0.42100593685953597
0.7969746218277285,-0.7267890604869214
0.7970996374546819,-0.6014872179486513
0.7972246530816353,-0.5721225175258394
0.7973496687085886,-0.7392555675096483
0.797474684335542,-0.7431864512212292
0.7975996999624954,-0.48209963155613034
0.7977247155894487,-0.769650423553486
0.7978497312164021,-0.6931194966275854
0.7979747468433555,-0.6003228521529993
0.7980997624703089,-0.39727443589375777
0.7982247780972622,-0.7310249720191214
0.7983497937242156,-0.589000420653719
0.798474809351169,-0.5392713325951183
0.7985998249781223,-0.6128563185888748
0.7987248406050756,-0.49988213651070035
0.7988498562320291,-0.27446435387016194
0.7989748718589824,-0.4889453905044466
0.7990998874859357,-0.47669742779802626
0.7992249031128892,-0.16607042038438577
0.7993499187398425,-0.2563070854463132
0.799474934366796,-0.12982996812827693
0.7995999499937493,-0.19026790658176873
0.7997249656207026,-0.06963767738279662
0.799849981247656,-0.06883613424417448
0.7999749968746094,-0.008145498209689033
0.8001000125015627,0.18028827572779366
0.8002250281285161,-0.027867451309666422
0.8003500437554695,0.17597622608661637
0.8004750593824228,0.27832689504223634
0.8006000750093762,0.16805293897394472
0.8007250906363296,0.3950489623901224
0.800850106263283,0.4243913374165342
0.8009751218902363,0.5061615563632011
0.8011001375171897,0.47568795706981265
0.8012251531441431,0.5011548236144575
0.8013501687710964,0.34201819137831807
0.8014751843980498,0.3972018094345416
0.8016002000250032,0.5384319318900018
0.8017252156519565,0.6628722267926148
0.8018502312789099,0.5252650996106928
0.8019752469058633,0.6351516939147106
0.8021002625328166,0.7468338862122594
0.8022252781597701,0.8637609362622075
0.8023502937867234,0.6001134832702032
0.8024753094136767,0.7272128877416488
0.8026003250406302,0.5479345132376258
0.8027253406675835,0.5981106571143598
0.8028503562945368,0.7082625340269643
0.8029753719214903,0.650858075608599
0.8031003875484436,0.6692797934860536
0.8032254031753969,0.7581188986246875
0.8033504188023504,0.6345400088460762
0.8034754344293037,0.5943266633420828
0.8036004500562571,0.6011036700430445
0.8037254656832105,0.47294149504692923
0.8038504813101638,0.5453080164256832
0.8039754969371172,0.4098579922057111
0.8041005125640706,0.7028563758827908
0.8042255281910239,0.36699816001051283
0.8043505438179773,0.2545877124048009
0.8044755594449307,0.3880824092257627
0.8046005750718841,0.23006098568680267
0.8047255906988374,0.5244412327740384
0.8048506063257908,0.35218957855912125
0.8049756219527442,0.5802791836056981
0.8051006375796975,0.4481470556369106
0.8052256532066508,0.23992465338334218
0.8053506688336043,0.0390439316334283
0.8054756844605576,0.3091507445430112
0.805600700087511,0.3919383338711984
0.8057257157144644,0.30690926939400054
0.8058507313414177,0.385962909799936
0.8059757469683712,0.2920442151020689
0.8061007625953245,0.4498368285842192
0.8062257782222778,0.22064018387011836
0.8063507938492313,0.0571175563872043
0.8064758094761846,0.08644941403836855
0.8066008251031379,0.16036184354771554
0.8067258407300913,0.23823632604829348
0.8068508563570447,-0.049294953773960044
0.806975871983998,0.17756709881639485
0.8071008876109514,0.24971426398240235
0.8072259032379048,0.33824498331448466
0.8073509188648582,0.15100433039484315
0.8074759344918115,0.10703100562994837
0.8076009501187649,0.10196995219260728
0.8077259657457183,0.13955878019524603
0.8078509813726716,0.20046145015554223
0.807975996999625,0.06764181948154992
0.8081010126265784,0.05946897198647209
0.8082260282535317,0.2067710248490166
0.8083510438804851,0.1723597510443666
0.8084760595074385,0.3708126524874674
0.8086010751343918,0.06206198183300992
0.8087260907613453,-0.12365882756791693
0.8088511063882986,0.05536719586362465
0.8089761220152519,0.11589681517725685
0.8091011376422054,0.15065797641857898
0.8092261532691587,-0.1344686617878291
0.809351168896112,0.17319983310429482
0.8094761845230655,0.00012007657899579943
0.8096012001500188,0.1347767944553103
0.8097262157769721,-0.05793737250934292
0.8098512314039256,0.1732199094771134
0.8099762470308789,-0.00046464951833787
0.8101012626578323,-0.1100774183661602
0.8102262782847857,0.15838192104583926
0.810351293911739,-0.08911650856735298
0.8104763095386924,-0.048902612276707065
0.8106013251656458,-0.08589853484858721
0.8107263407925991,-0.05847834420658899
0.8108513564195525,-0.43271200911430513
0.8109763720465059,-0.028720357708724716
0.8111013876734592,0.06680748374588878
0.8112264033004126,-0.11789162771567845
0.811351418927366,-0.20619678562099
0.8114764345543194,-0.18376861127529376
0.8116014501812727,-0.022796801578748152
0.811726465808226,-0.31900599522420225
0.8118514814351795,-0.2759364299155173
0.8119764970621328,-0.1450826938920027
0.8121015126890861,-0.01800013281268579
0.8122265283160396,-0.20547485451986752
0.8123515439429929,-0.12666751895812306
0.8124765595699462,-0.22682786595232005
0.8126015751968997,0.0026287957498122533
0.812726590823853,-0.17649493118191645
0.8128516064508065,-0.17839947147794555
0.8129766220777598,-0.1857956654509495
0.8131016377047131,-0.2907731047136672
0.8132266533316665,-0.23638867985614384
0.8133516689586199,-0.4290058304547565
0.8134766845855732,-0.3178366642019484
0.8136017002125266,-0.24849463597471178
0.81372671583948,-0.16853551806375772
0.8138517314664333,-0.023592702884143547
0.8139767470933867,-0.06174083813091657
0.8141017627203401,-0.26644120703890545
0.8142267783472935,-0.39290687640348687
0.8143517939742468,-0.3348662195984976
0.8144768096012002,-0.4076743590524049
0.8146018252281536,-0.218852144418781
0.8147268408551069,-0.3929045511759531
0.8148518564820603,-0.37230780507199707
0.8149768721090137,-0.3563155227721126
0.815101887735967,-0.3162808347631449
0.8152269033629205,-0.4117065694463182
0.8153519189898738,-0.3675279333231713
0.8154769346168271,-0.5910886833137021
0.8156019502437806,-0.44148937879907496
0.8157269658707339,-0.44485555365514967
0.8158519814976872,-0.5099607207187644
0.8159769971246407,-0.4473451996318926
0.816102012751594,-0.5017331442956121
0.8162270283785473,-0.5157853538774019
0.8163520440055008,-0.49977193252959246
0.8164770596324541,-0.7768343944402242
0.8166020752594075,-0.6023999208148485
0.8167270908863609,-0.6833092377661837
0.8168521065133142,-0.7954382288424984
0.8169771221402676,-0.6971051847454907
0.817102137767221,-0.8608312873272654
0.8172271533941743,-0.8048482441549346
0.8173521690211277,-0.7097732931899567
0.8174771846480811,-0.5585677771035157
0.8176022002750344,-0.6799663517889533
0.8177272159019878,-0.4884861216329519
0.8178522315289412,-0.5604049119615923
0.8179772471558946,-0.5555571551860311
0.8181022627828479,-0.541956397644353
0.8182272784098013,-0.5812581574533121
0.8183522940367547,-0.658092864834023
0.818477309663708,-0.6648658755130817
0.8186023252906613,-0.36470387025828965
0.8187273409176148,-0.5117306005664553
0.8188523565445681,-0.40031879525925973
0.8189773721715214,-0.5017518026542374
0.8191023877984749,-0.30182325687215483
0.8192274034254282,-0.23780306949748167
0.8193524190523817,-0.17899227614482854
0.819477434679335,-0.2665207395044047
0.8196024503062883,-0.2814668707342671
0.8197274659332418,-0.2029127822703539
0.8198524815601951,-0.31108171881126867
0.8199774971871484,0.05868159358445642
0.8201025128141018,0.0689976613975773
0.8202275284410552,0.13321902380139652
0.8203525440680085,0.1597121725339845
0.8204775596949619,0.4106844785941264
0.8206025753219153,0.41174840170586635
0.8207275909488687,0.2927146009514909
0.820852606575822,0.22729370594420567
0.8209776222027754,0.33890074575928014
0.8211026378297288,0.41027564447787307
0.8212276534566821,0.4892030065013083
0.8213526690836355,0.3567499939796182
0.8214776847105889,0.5182536401383891
0.8216027003375422,0.622364827764913
0.8217277159644956,0.4274719174614975
0.821852731591449,0.6404593088526903
0.8219777472184023,0.45359224421880134
0.8221027628453558,0.40087195132474446
0.8222277784723091,0.40669279969732014
0.8223527940992624,0.5869828029539199
0.8224778097262159,0.5586771698361193
0.8226028253531692,0.7222365856054382
0.8227278409801225,0.5136175734110714
0.822852856607076,0.600505748490365
0.8229778722340293,0.8358778524404544
0.8231028878609826,0.5561519770652981
0.8232279034879361,0.617119463441048
0.8233529191148894,0.653011902196182
0.8234779347418428,0.6521809164106463
0.8236029503687962,0.5134882376316767
0.8237279659957495,0.6512277243285388
0.8238529816227029,0.4727256080779259
0.8239779972496563,0.4883145129511423
0.8241030128766096,0.6633773931971588
0.824228028503563,0.4817256431410755
0.8243530441305164,0.44215271270492984
0.8244780597574698,0.3145269204546931
0.8246030753844231,0.4525168158317643
0.8247280910113765,0.4008766204683578
0.8248531066383299,0.38929539981148115
0.8249781222652832,0.4908181330329892
0.8251031378922365,0.28728471121618476
0.82522815351919,0.31957210002663505
0.8253531691461433,0.2680280794136718
0.8254781847730966,0.2945812450398096
0.8256032004000501,0.26255675142296914
0.8257282160270034,0.20329634906551994
0.8258532316539569,0.12393225607030393
0.8259782472809102,0.2761510153074721
0.8261032629078635,0.2536265191962258
0.826228278534817,0.15032692953252996
0.8263532941617703,0.15736259077464784
0.8264783097887236,0.22517568638700083
0.826603325415677,0.21069829646337482
0.8267283410426304,0.15458078182614735
0.8268533566695837,0.309033381443485
0.8269783722965371,0.14265792291034843
0.8271033879234905,0.14252189258866504
0.8272284035504439,0.2803807629229621
0.8273534191773972,0.39753227899322596
0.8274784348043506,0.1794584229781007
0.827603450431304,0.21161400584188603
0.8277284660582573,0.20463597166043307
0.8278534816852107,0.16775288732489002
0.8279784973121641,0.20206999233069414
0.8281035129391174,0.2525720370890207
0.8282285285660708,0.0653786672730521
0.8283535441930242,0.20529853002112658
0.8284785598199775,0.0875579383726436
0.828603575446931,0.13985927392885053
0.8287285910738843,0.022971679080492753
0.8288536067008376,0.17170204303839218
0.8289786223277911,-0.09521539015972835
0.8291036379547444,0.04311078090011013
0.8292286535816977,0.16529287748452448
0.8293536692086512,0.011945673098524498
0.8294786848356045,0.25901159165371024
0.8296037004625578,-0.043935069492508735
0.8297287160895113,-0.09677317550762
0.8298537317164646,0.07939393136186146
0.829978747343418,0.09272808175862475
0.8301037629703714,-0.04801438465600053
0.8302287785973247,0.1426999519627103
0.8303537942242781,-0.11165998638675598
0.8304788098512315,0.0827053465749453
0.8306038254781848,-0.11601198333726587
0.8307288411051382,-0.016073092767518806
0.8308538567320916,0.03609390445325288
0.8309788723590449,-0.20105311534016143
0.8311038879859983,0.05555639856875085
0.8312289036129517,-0.12162675179558281
0.8313539192399051,-0.16019217757849996
0.8314789348668584,-0.253262709734978
0.8316039504938117,-0.07130403227860602
0.8317289661207652,-0.15033981652009504
0.8318539817477185,-0.26919372051425366
0.8319789973746718,-0.17415310416302565
0.8321040130016253,-0.16306907458672779
0.8322290286285786,-0.22602474804153133
0.8323540442555319,-0.33362391475683173
0.8324790598824854,-0.2245602300778726
0.8326040755094387,-0.0764264704068995
0.8327290911363922,-0.32782823340374867
0.8328541067633455,-0.14447296362775822
0.8329791223902988,0.003151172789199492
0.8331041380172522,-0.08752567593953484
0.8332291536442056,0.044399277190171615
0.8333541692711589,-0.0873132167944892
0.8334791848981123,-0.23442262976319594
0.8336042005250657,-0.3432478341568325
0.833729216152019,-0.17669113989499197
0.8338542317789724,-0.2534027057282
0.8339792474059258,-0.24071582221909457
0.8341042630328792,-0.510651099959495
0.8342292786598325,-0.3865802415057976
0.8343542942867859,-0.23807764031195178
0.8344793099137393,-0.38340098328754046
0.8346043255406926,-0.3616848124445406
0.834729341167646,-0.28400660932481403
0.8348543567945994,-0.3652698903777143
0.8349793724215527,-0.5111482258366348
0.8351043880485062,-0.5655032583801188
0.8352294036754595,-0.4786854764146437
0.8353544193024128,-0.4626209518502112
0.8354794349293663,-0.41864608967138855
0.8356044505563196,-0.362925710104473
0.8357294661832729,-0.3268017491754642
0.8358544818102264,-0.38831695080741907
0.8359794974371797,-0.6302243270433535
0.836104513064133,-0.5675463409929064
0.8362295286910865,-0.47964370575841986
0.8363545443180398,-0.49334993707219416
0.8364795599449932,-0.6332010144400548
0.8366045755719466,-0.609758000047762
0.8367295911988999,-0.7034990312422155
0.8368546068258533,-0.6916494416454013
0.8369796224528067,-0.6552480824224249
0.83710463807976,-0.4860588905102569
0.8372296537067134,-0.7349011437288235
0.8373546693336668,-0.673767146193848
0.8374796849606201,-0.6437142017764033
0.8376047005875735,-0.7143447681143613
0.8377297162145269,-0.5898034629115289
0.8378547318414803,-0.7649700908358741
0.8379797474684336,-0.5244044450734495
0.838104763095387,-0.6528581685081328
0.8382297787223404,-0.4239312729657643
0.8383547943492937,-0.31737054676337084
0.838479809976247,-0.5225782727753895
0.8386048256032005,-0.4476239487353435
0.8387298412301538,-0.47422325164381074
0.8388548568571071,-0.3389172382673324
0.8389798724840606,-0.40296982920858027
0.8391048881110139,-0.3670131383958423
0.8392299037379674,-0.34802740047862835
0.8393549193649207,-0.25244049549529324
0.839479934991874,-0.339447909793045
0.8396049506188275,-0.2574454692675036
0.8397299662457808,0.016933173370447245
0.8398549818727341,-0.04608641659771189
0.8399799974996875,0.0875326369318547
0.8401050131266409,0.17774933976893123
0.8402300287535942,0.06760175020593191
0.8403550443805476,0.10878107790239973
0.840480060007501,0.09863605232834516
0.8406050756344544,0.21037391380136175
0.8407300912614077,0.2921616181074979
0.8408551068883611,0.5597114588962404
0.8409801225153145,0.21279285362380757
0.8411051381422678,0.4764797243503647
0.8412301537692212,0.4362565009685276
0.8413551693961746,0.35624123721098405
0.8414801850231279,0.5488253776565913
0.8416052006500813,0.6030634627542601
0.8417302162770347,0.5102315425966693
0.841855231903988,0.6325552108526107
0.8419802475309415,0.7108746603627358
0.8421052631578948,0.5616621215954498
0.8422302787848481,0.6749080297394151
0.8423552944118016,0.5614558326243372
0.8424803100387549,0.45941095342816796
0.8426053256657082,0.7561520786208492
0.8427303412926617,0.7573801117878444
0.842855356919615,0.6945354019629534
0.8429803725465683,0.8063884978919099
0.8431053881735218,0.5693421074238358
0.8432304038004751,0.659552412068804
0.8433554194274285,0.60235317647218
0.8434804350543819,0.6412218073385617
0.8436054506813352,0.7327423881263413
0.8437304663082886,0.5228495172360419
0.843855481935242,0.5692051483344822
0.8439804975621953,0.3842021329011512
0.8441055131891487,0.5701264006548288
0.844230528816102,0.4121381127468479
0.8443555444430554,0.5422027568392583
0.8444805600700088,0.4215327657119516
0.8446055756969622,0.5564419942892475
0.8447305913239156,0.4478427580256536
0.8448556069508689,0.2782534859765856
0.8449806225778222,0.28590714819955276
0.8451056382047757,0.4531820904753186
0.845230653831729,0.35353184368680685
0.8453556694586823,0.30808238454948655
0.8454806850856358,0.2919327652922571
0.8456057007125891,0.17600541330673983
0.8457307163395426,0.2991035592562501
0.8458557319664959,0.21731874167936685
0.8459807475934492,0.2320150188647815
0.8461057632204027,0.062439990543878186
0.846230778847356,0.26334269524815124
0.8463557944743093,0.1754494534549677
0.8464808101012627,0.17388372131976243
0.8466058257282161,0.1761713768870915
0.8467308413551694,0.3321281082978239
0.8468558569821228,0.21512035852316874
0.8469808726090762,0.2597462745932552
0.8471058882360296,0.32751504945575644
0.8472309038629829,0.056613575177582524
0.8473559194899363,0.3423733770708578
0.8474809351168897,0.1544881117757253
0.847605950743843,0.25276546454001125
0.8477309663707964,0.3409866014385828
0.8478559819977498,0.3175788734116708
0.8479809976247031,0.135235454918723
0.8481060132516565,0.19836719491459734
0.8482310288786099,-0.10369946163305292
0.8483560445055632,0.1870523834171199
0.8484810601325167,0.1580375044209258
0.84860607575947,-0.02033951516662425
0.8487310913864233,0.1459037519700038
0.8488561070133768,0.06498806464987437
0.8489811226403301,0.16371752740556653
0.8491061382672834,0.09393148228959007
0.8492311538942369,-0.08635121832833599
0.8493561695211902,0.12836945545285133
0.8494811851481435,0.01572388896803998
0.849606200775097,-0.0381396806666615
0.8497312164020503,0.17775562430960912
0.8498562320290037,-0.09052489619005548
0.8499812476559571,0.10958446909962904
0.8501062632829104,-0.14442018362234532
0.8502312789098638,-0.07182801791283687
0.8503562945368172,-0.12463706885428916
0.8504813101637705,-0.017699208010975548
0.8506063257907239,-0.12216023565574421
0.8507313414176773,-0.18513829114350697
0.8508563570446306,-0.02117550294260137
0.850981372671584,-0.06780568172482669
0.8511063882985374,-0.07473594380908181
0.8512314039254908,-0.2856914595866554
0.8513564195524441,-0.25939598877240283
0.8514814351793975,-0.262478337023351
0.8516064508063509,-0.09936212107198034
0.8517314664333042,-0.06350240324855007
0.8518564820602575,-0.03955815072037011
0.851981497687211,0.0325769344838676
0.8521065133141643,-0.2660802727237126
0.8522315289411176,-0.14759709850366617
0.8523565445680711,-0.13938240161960375
0.8524815601950244,-0.19879039982624253
0.8526065758219779,-0.15904088055822152
0.8527315914489312,-0.15532430268576655
0.8528566070758845,-0.20082913082915074
0.852981622702838,-0.2757879832399328
0.8531066383297913,-0.25233275244874737
0.8532316539567446,-0.20530469561467485
0.853356669583698,-0.05038024816655431
0.8534816852106514,-0.2191745009878015
0.8536067008376047,-0.19417667153769172
0.8537317164645581,-0.4066844503842315
0.8538567320915115,-0.21070512669960723
0.8539817477184649,-0.4784030600689354
0.8541067633454182,-0.10223371588347491
0.8542317789723716,-0.20226760321592474
0.854356794599325,-0.29764000167943716
0.8544818102262783,-0.19117890664977685
0.8546068258532317,-0.23853295548715386
0.8547318414801851,-0.40721587069742043
0.8548568571071384,-0.26710530384142767
0.8549818727340918,-0.4589830598349374
0.8551068883610452,-0.45814683460098565
0.8552319039879985,-0.32681205845732203
0.855356919614952,-0.3420075058214689
0.8554819352419053,-0.4448273082388877
0.8556069508688586,-0.3774978617825907
0.8557319664958121,-0.399660155121521
0.8558569821227654,-0.5387299103412002
0.8559819977497187,-0.4378704067538241
0.8561070133766722,-0.6491583480013724
0.8562320290036255,-0.45497371329025355
0.8563570446305789,-0.5538886140365893
0.8564820602575323,-0.6879348161859064
0.8566070758844856,-0.5421454619371382
0.856732091511439,-0.5382557393763371
0.8568571071383924,-0.655165188478185
0.8569821227653457,-0.7892905394340474
0.8571071383922991,-0.49463878076911927
0.8572321540192525,-0.8511909504746419
0.8573571696462058,-0.7856726625417154
0.8574821852731592,-0.6957142830855007
0.8576072009001126,-0.6414115613324011
0.857732216527066,-0.5449910642153758
0.8578572321540193,-0.5884549344103149
0.8579822477809727,-0.6547449513249103
0.8581072634079261,-0.4655825202454998
0.8582322790348794,-0.6473776191231998
0.8583572946618327,-0.6549307470158346
0.8584823102887862,-0.6455683156223762
0.8586073259157395,-0.4521854322554664
0.8587323415426928,-0.5035264636173753
0.8588573571696463,-0.4494074758568847
0.8589823727965996,-0.5890293063554879
0.859107388423553,-0.4278996588459276
0.8592324040505064,-0.4027183776785008
0.8593574196774597,-0.37649918497115253
0.8594824353044132,-0.10940701990862338
0.8596074509313665,-0.10881149489590998
0.8597324665583198,-0.1020496720391738
0.8598574821852732,-0.21053127841685376
0.8599824978122266,-0.048616606070721935
0.8601075134391799,0.0722688872419427
0.8602325290661333,0.12246568361534942
0.8603575446930867,0.2476146943477509
0.8604825603200401,0.27597929845688657
0.8606075759469934,0.20546880186019137
0.8607325915739468,0.5213247682444483
0.8608576072009002,0.38904169517062676
0.8609826228278535,0.3182917862383043
0.8611076384548069,0.6835487043785656
0.8612326540817603,0.3954443401533548
0.8613576697087136,0.46518209108514486
0.861482685335667,0.5881218935187351
0.8616077009626204,0.6215283831994026
0.8617327165895737,0.5764508474959391
0.8618577322165272,0.6498344819518632
0.8619827478434805,0.7016360635193083
0.8621077634704338,0.5483375273499463
0.8622327790973873,0.755013337863717
0.8623577947243406,0.7163577493400147
0.8624828103512939,0.7290701376663956
0.8626078259782474,0.8208721839973254
0.8627328416052007,0.4570737281946096
0.862857857232154,0.6494026707034538
0.8629828728591075,0.7547948554276245
0.8631078884860608,0.5697302028352036
0.8632329041130142,0.47575843671388923
0.8633579197399676,0.7835697105193573
0.8634829353669209,0.5384056211361358
0.8636079509938743,0.7454083261203879
0.8637329666208277,0.6592150905372992
0.863857982247781,0.5023068256066685
0.8639829978747344,0.6871964631782628
0.8641080135016878,0.3267490619491158
0.8642330291286411,0.3883979387122754
0.8643580447555945,0.4611794955054706
0.8644830603825479,0.6634824251455846
0.8646080760095013,0.29348077449789156
0.8647330916364546,0.6413885091252847
0.864858107263408,0.4224009310561586
0.8649831228903614,0.3397851852908104
0.8651081385173147,0.4484471001172367
0.865233154144268,0.23291485557604255
0.8653581697712215,0.2969874279884973
0.8654831853981748,0.26803997365251353
0.8656082010251283,0.18477765485443753
0.8657332166520816,0.18354986438727922
0.8658582322790349,0.5350623547646283
0.8659832479059884,0.22971858057137787
0.8661082635329417,0.09503299642591065
0.866233279159895,-0.00727657189673795
0.8663582947868484,0.3926391423723825
0.8664833104138018,0.15696848929597576
0.8666083260407551,0.24287964742915769
0.8667333416677085,-0.04879824667861988
0.8668583572946619,0.26116876337406736
0.8669833729216153,0.245396499413932
0.8671083885485686,0.31324996304203845
0.867233404175522,0.2725121372346647
0.8673584198024754,0.22157493260979771
0.8674834354294287,0.0918987535738608
0.8676084510563821,0.057112356564091235
0.8677334666833355,0.14882434578120005
0.8678584823102888,0.1592708240498792
0.8679834979372422,0.30478582921423725
0.8681085135641956,0.27401817653025623
0.8682335291911489,0.3385654476045028
0.8683585448181024,-0.030078268628162954
0.8684835604450557,0.11074787525408405
0.868608576072009,0.08731919888065479
0.8687335916989625,-0.005586385352937635
0.8688586073259158,0.15078748435609826
0.8689836229528691,-0.008873441915987192
0.8691086385798226,-0.03929636862167311
0.8692336542067759,0.15678626114959837
0.8693586698337292,0.2612811404613669
0.8694836854606827,0.06853397183583888
0.869608701087636,-0.024269950083841703
0.8697337167145894,0.09905334701749641
0.8698587323415428,0.14731314285690594
0.8699837479684961,-0.041574167517261194
0.8701087635954495,-0.10005585342297894
0.8702337792224029,-0.09882452258600576
0.8703587948493562,-0.005957044152758828
0.8704838104763096,-0.04130656162877211
0.870608826103263,0.0723879183078214
0.8707338417302163,-0.11707681574686128
0.8708588573571697,-0.1854630981495919
0.870983872984123,-0.23687493540617144
0.8711088886110765,-0.1451523115625399
0.8712339042380298,-0.12141257588315213
0.8713589198649832,-0.1516529393523692
0.8714839354919366,-0.10637601359934973
0.8716089511188899,-0.036944871663257044
0.8717339667458432,-0.10606178407441622
0.8718589823727967,-0.15127462566900785
0.87198399799975,-0.17215803453123163
0.8721090136267033,-0.29399656849632144
0.8722340292536568,-0.015536024530494122
0.8723590448806101,-0.08605901085391597
0.8724840605075636,-0.08405886453348396
0.8726090761345169,-0.09490012459701364
0.8727340917614702,-0.3329891583491638
0.8728591073884236,0.02735867843294089
0.872984123015377,0.03908539822082246
0.8731091386423303,-0.2614398746964172
0.8732341542692837,-0.24614875232762295
0.8733591698962371,-0.15820288447627523
0.8734841855231904,-0.10596475356619835
0.8736092011501438,-0.21636020709032827
0.8737342167770972,-0.3065846989591036
0.8738592324040506,-0.40050169940242636
0.8739842480310039,-0.37380462565067973
0.8741092636579573,-0.3146040949204987
0.8742342792849107,-0.3018433999187674
0.874359294911864,-0.2388370844225616
0.8744843105388174,-0.13976141889634944
0.8746093261657708,-0.13812157987876714
0.8747343417927241,-0.359887762796301
0.8748593574196775,-0.3289364800642715
0.8749843730466309,-0.48795406810829245
0.8751093886735842,-0.30799285626544376
0.8752344043005377,-0.2499876033040023
0.875359419927491,-0.3183968751211253
0.8754844355544443,-0.35043723959339457
0.8756094511813978,-0.4386534711369112
0.8757344668083511,-0.4949381190126799
0.8758594824353044,-0.22749056842118173
0.8759844980622579,-0.7365014396351731
0.8761095136892112,-0.5189642160866246
0.8762345293161646,-0.4688892569207895
0.876359544943118,-0.48678970784984127
0.8764845605700713,-0.5229003456167565
0.8766095761970247,-0.6659524060916626
0.8767345918239781,-0.6724968501248704
0.8768596074509314,-0.7433085958256297
0.8769846230778848,-0.5880639071012941
0.8771096387048382,-0.7350412924583167
0.8772346543317915,-0.5916132575555728
0.8773596699587449,-0.6972828330871407
0.8774846855856983,-0.5935453310350758
0.8776097012126517,-0.6110679621319645
0.877734716839605,-0.6445025237400942
0.8778597324665584,-0.585027731309717
0.8779847480935118,-0.6163023051218791
0.8781097637204651,-0.524419259906652
0.8782347793474184,-0.5380618505516626
0.8783597949743719,-0.4583063096856701
0.8784848106013252,-0.6222493389068915
0.8786098262282785,-0.4855203512990781
0.878734841855232,-0.6075854954253125
0.8788598574821853,-0.520520442540718
0.8789848731091388,-0.5109964180285821
0.8791098887360921,-0.5206799252492375
0.8792349043630454,-0.29504511325255744
0.8793599199899989,-0.29836830301727796
0.8794849356169522,-0.18567137230343758
0.8796099512439055,-0.12815712729056133
0.879734966870859,-0.14701573680881064
0.8798599824978123,0.22099125815075274
0.8799849981247656,0.06783603994202898
0.880110013751719,0.009192268054445023
0.8802350293786724,0.2002168616735578
0.8803600450056258,-0.06889162015083126
0.8804850606325791,0.09956740766462781
0.8806100762595325,0.2741442230170816
0.8807350918864859,0.2941267155308386
0.8808601075134392,0.4365677307420327
0.8809851231403926,0.3439257937286475
0.881110138767346,0.36335675521744243
0.8812351543942993,0.4380064043852884
0.8813601700212527,0.5688392601721073
0.8814851856482061,0.6376325736244105
0.8816102012751594,0.5616345027560741
0.8817352169021129,0.6126479408038437
0.8818602325290662,0.5191689820822316
0.8819852481560195,0.6417309861029874
0.882110263782973,0.7138839852791722
0.8822352794099263,0.6319399940185375
0.8823602950368796,0.8760723013364888
0.8824853106638331,0.5578397127657256
0.8826103262907864,0.5707180038257789
0.8827353419177397,0.6376501019546602
0.8828603575446932,0.4655991757054136
0.8829853731716465,0.8887675694319935
0.8831103887985999,1.0
0.8832354044255533,0.6935700514275565
0.8833604200525066,0.557340857034293
0.88348543567946,0.5663997702690368
0.8836104513064134,0.38974612089633254
0.8837354669333667,0.5278522944978488
0.8838604825603201,0.5811262665402339
0.8839854981872735,0.5125655711016314
0.8841105138142268,0.2714327438605008
0.8842355294411802,0.5697488526863616
0.8843605450681336,0.4031305084011746
0.884485560695087,0.4406391012409695
0.8846105763220403,0.33029650370451136
0.8847355919489936,0.27868895070258953
0.8848606075759471,0.30391529305835224
0.8849856232029004,0.34977947227185135
0.8851106388298537,0.32111079548039667
0.8852356544568072,0.4522303221514588
0.8853606700837605,0.16995534525956596
0.8854856857107138,0.15278739648859532
0.8856107013376673,0.3157641887007241
0.8857357169646206,0.449198866808068
0.885860732591574,0.14990612806370202
0.8859857482185274,0.29772553797916285
0.8861107638454807,0.30828607226899524
0.8862357794724341,0.2546344979566801
0.8863607950993875,0.23001838271303138
0.8864858107263408,0.17668153635980796
0.8866108263532942,0.2577939614044214
0.8867358419802476,0.18927724555469888
0.886860857607201,0.09379979620654919
0.8869858732341543,0.13023944528326964
0.8871108888611077,0.0550658745869436
0.8872359044880611,0.235133627317664
0.8873609201150144,0.17215749139645448
0.8874859357419678,0.13890340174815902
0.8876109513689212,0.16027935529243711
0.8877359669958745,0.4020861982992565
0.8878609826228279,0.20673243650459822
0.8879859982497813,0.05307498202161173
0.8881110138767346,0.29121190350028026
0.8882360295036881,0.15213350746351917
0.8883610451306414,0.15873960369760415
0.8884860607575947,0.016810227862372688
0.8886110763845482,0.23019703576018646
0.8887360920115015,0.07198791785794895
0.8888611076384548,0.2290526157593683
0.8889861232654083,0.13353103651073467
0.8891111388923616,0.14149554381341722
0.8892361545193149,0.08285611287913448
0.8893611701462684,0.026069085111104194
0.8894861857732217,0.11171581924337085
0.8896112014001751,0.02722753370235471
0.8897362170271285,-0.016885294417311306
0.8898612326540818,-0.07960107024801831
0.8899862482810352,-0.10807919436702527
0.8901112639079886,-0.008448958270287757
0.8902362795349419,0.02650374332173288
0.8903612951618953,-0.1073652407243582
0.8904863107888487,-0.2725060322624978
0.890611326415802,-0.24168500208592097
0.8907363420427554,-0.11257414352329194
0.8908613576697088,-0.17416878773460004
0.8909863732966622,-0.136987401466621
0.8911113889236155,0.016713658148866842
0.8912364045505689,-0.3565181136512225
0.8913614201775223,-0.08860021786033175
0.8914864358044756,-0.17910224622007628
0.891611451431429,-0.01562636466966968
0.8917364670583824,-0.10191683068147077
0.8918614826853357,-0.16417124265860525
0.891986498312289,-0.26351838354697943
0.8921115139392425,-0.016524177825251642
0.8922365295661958,-0.25157472781818463
0.8923615451931493,-0.11498909124428856
0.8924865608201026,-0.25929698131046636
0.8926115764470559,-0.3433120161614043
0.8927365920740093,-0.19847186506515369
0.8928616077009627,-0.27780368775371334
0.892986623327916,-0.30330128144017937
0.8931116389548694,-0.081232861329945
0.8932366545818228,-0.23790244536531055
0.8933616702087761,-0.051649395792494786
0.8934866858357295,-0.32047116131237036
0.8936117014626829,-0.2915638884125519
0.8937367170896363,-0.1662974969988978
0.8938617327165896,-0.33438142288342
0.893986748343543,-0.12105631290860541
0.8941117639704964,-0.21681909154921555
0.8942367795974497,-0.19835431455034308
0.8943617952244031,-0.3404818900786572
0.8944868108513565,-0.1803746685310982
0.8946118264783098,-0.4392834623721841
0.8947368421052632,-0.2893360801619327
0.8948618577322166,-0.22260062489518595
0.8949868733591699,-0.3869630737950945
0.8951118889861234,-0.425183436336657
0.8952369046130767,-0.6606895620539787
0.89536192024003,-0.4347588455317869
0.8954869358669835,-0.5642258307923078
0.8956119514939368,-0.4144934152952236
0.8957369671208901,-0.6135844487801843
0.8958619827478436,-0.3659303249638175
0.8959869983747969,-0.6117076472396902
0.8961120140017502,-0.6434590066096951
0.8962370296287037,-0.48420636306915327
0.896362045255657,-0.5515048216447583
0.8964870608826104,-0.6621235455052736
0.8966120765095638,-0.6651039555827876
0.8967370921365171,-0.5977116455650863
0.8968621077634705,-0.8894265704631541
0.8969871233904239,-0.6784227611002833
0.8971121390173772,-0.6338213072310821
0.8972371546443306,-0.7993743087225574
0.897362170271284,-0.7966652352883032
0.8974871858982374,-0.7395584218749196
0.8976122015251907,-0.5575936810416059
0.897737217152144,-0.5119367671126929
0.8978622327790975,-0.6800744109531682
0.8979872484060508,-0.47925909473281225
0.8981122640330041,-0.6835244350981377
0.8982372796599576,-0.6389829748984764
0.8983622952869109,-0.6357232886774435
0.8984873109138642,-0.816260601751644
0.8986123265408177,-0.5416014532846669
0.898737342167771,-0.45389663259488805
0.8988623577947245,-0.35942546087636124
0.8989873734216778,-0.5140893343152482
0.8991123890486311,-0.19761307755870966
0.8992374046755846,-0.29660782098446165
0.8993624203025379,-0.2980155702829672
0.8994874359294912,-0.2500259271747486
0.8996124515564446,-0.13805086468843908
0.899737467183398,-0.126664356675717
0.8998624828103513,-0.07038368902924241
0.8999874984373047,-0.12453765549635992
0.9001125140642581,0.19627106553884613
0.9002375296912115,0.13114588048978326
0.9003625453181648,0.23325795177106845
0.9004875609451182,0.0376378508764402
0.9006125765720716,0.1511318335180391
0.9007375921990249,0.11771628918963535
0.9008626078259783,0.29775108170975756
0.9009876234529317,0.5744503359399221
0.901112639079885,0.4248707931845434
0.9012376547068384,0.20394214397858557
0.9013626703337918,0.41176913302591217
0.9014876859607451,0.5829860518003961
0.9016127015876986,0.6012476252157062
0.9017377172146519,0.6058717894030853
0.9018627328416052,0.48115369011219883
0.9019877484685587,0.49376676868656744
0.902112764095512,0.3877428341221679
0.9022377797224653,0.42465106858623414
0.9023627953494188,0.5716992777532671
0.9024878109763721,0.7415020328786089
0.9026128266033254,0.777131089261994
0.9027378422302789,0.7636577988730167
0.9028628578572322,0.8961150306866605
0.9029878734841856,0.7114459436185001
0.903112889111139,0.8028577784017911
0.9032379047380923,0.7308571554640534
0.9033629203650457,0.6659029753067758
0.9034879359919991,0.6308407959462757
0.9036129516189524,0.7479173534795349
0.9037379672459058,0.5162534729979196
0.9038629828728592,0.5534166257909148
0.9039879984998125,0.6336612757514493
0.9041130141267659,0.4407790773370996
0.9042380297537193,0.24182227154340963
0.9043630453806727,0.39599861049563145
0.904488061007626,0.38643939480168926
0.9046130766345793,0.35034993278497645
0.9047380922615328,0.2862345135420301
0.9048631078884861,0.491889138097792
0.9049881235154394,0.34888179320027046
0.9051131391423929,0.18885654062244048
0.9052381547693462,0.23716422335418866
0.9053631703962995,0.27168330674197233
0.905488186023253,0.273120744010659
0.9056132016502063,0.2511772635641673
0.9057382172771598,0.24191662153798513
0.9058632329041131,0.15214816578954868
0.9059882485310664,0.24902437459298954
0.9061132641580198,0.30217662340762635
0.9062382797849732,0.24523541732985363
0.9063632954119265,0.23787295390627242
0.90648831103888,0.27613927257443094
0.9066133266658333,0.29453460502560164
0.9067383422927867,0.2904664317517337
0.90686335791974,0.13976308407780394
0.9069883735466934,0.21827523526376422
0.9071133891736468,0.25006788684182324
0.9072384048006001,0.0721842344701685
0.9073634204275535,0.1516777716030881
0.9074884360545069,0.18491405350661536
0.9076134516814602,0.2504932499787659
0.9077384673084136,0.26533182514795933
0.907863482935367,0.20751432910099596
0.9079884985623203,0.06107738348858067
0.9081135141892738,0.22570766455521885
0.9082385298162271,0.22243780460410814
0.9083635454431804,0.21165584134623747
0.9084885610701339,-0.06863090333363984
0.9086135766970872,0.18508288994771427
0.9087385923240405,0.07492256511982322
0.908863607950994,0.1762486598368711
0.9089886235779473,0.025898348772965367
0.9091136392049006,0.14774650369624248
0.9092386548318541,0.19433651460613893
0.9093636704588074,0.2139271791462766
0.9094886860857608,0.03316298173625853
0.9096137017127142,-0.040425989749655
0.9097387173396675,-0.08296761707159193
0.9098637329666209,0.06597772882738324
0.9099887485935743,0.06310026964172255
0.9101137642205276,0.13061727013499627
0.910238779847481,0.0851732812650449
0.9103637954744344,-0.11710708908676436
0.9104888111013877,-0.012409387274484105
0.9106138267283411,0.15874956748681715
0.9107388423552945,-0.03651493843550881
0.9108638579822479,0.13796668774048365
0.9109888736092012,-0.20146008192035134
0.9111138892361546,-0.2435058594708385
0.911238904863108,-0.1671289511057797
0.9113639204900613,-0.20326681411142136
0.9114889361170146,-0.09582481866186342
0.9116139517439681,-0.5044233763345731
0.9117389673709214,-0.060817711827255636
0.9118639829978747,-0.22888458371190643
0.9119889986248282,-0.21625308024602155
0.9121140142517815,-0.24577248283496417
0.912239029878735,-0.21730041863497138
0.9123640455056883,-0.43321376029416964
0.9124890611326416,0.08496210123798474
0.912614076759595,-0.2810113646093036
0.9127390923865484,-0.07261942179443971
0.9128641080135017,-0.11202813527498184
0.9129891236404551,-0.24352874625158327
0.9131141392674085,-0.2752686415715895
0.9132391548943618,-0.3125671307930854
0.9133641705213152,-0.08883412142680368
0.9134891861482686,-0.24906192184940903
0.913614201775222,-0.3627064703246065
0.9137392174021753,-0.23517784624513907
0.9138642330291287,-0.24371606727168688
0.9139892486560821,-0.30621148853756713
0.9141142642830354,-0.15195946643587338
0.9142392799099888,-0.15645459050891913
0.9143642955369422,-0.40641479729388574
0.9144893111638955,-0.38755015155470623
0.9146143267908489,-0.3541916987482572
0.9147393424178023,-0.3435216071738598
0.9148643580447556,-0.30690618465436
0.9149893736717091,-0.1677920764535532
0.9151143892986624,-0.2664005573946006
0.9152394049256157,-0.37764647616624764
0.9153644205525692,-0.4237947579633003
0.9154894361795225,-0.4820481380040582
0.9156144518064758,-0.40608846264334253
0.9157394674334293,-0.5370679364574032
0.9158644830603826,-0.6485389849912958
0.9159894986873359,-0.609608134417088
0.9161145143142894,-0.45997885618970075
0.9162395299412427,-0.7226396684003743
0.9163645455681961,-0.37457210075535086
0.9164895611951495,-0.7319868074188848
0.9166145768221028,-0.6409459102584508
0.9167395924490562,-0.6140352368108183
0.9168646080760096,-0.7014264775978054
0.9169896237029629,-0.9076924274114342
0.9171146393299163,-0.7476487105433745
0.9172396549568697,-0.7612317077111176
0.9173646705838231,-0.7258397205260134
0.9174896862107764,-0.8341547375730363
0.9176147018377298,-0.6923738881895538
0.9177397174646832,-0.6513892242568756
0.9178647330916365,-0.7655389601323195
0.9179897487185898,-0.7016910548881454
0.9181147643455433,-0.6222950545417556
0.9182397799724966,-0.6891087850208402
0.91836479559945,-0.6137257955703876
0.9184898112264034,-0.5547605340990782
0.9186148268533567,-0.35190956481030705
0.9187398424803102,-0.43804007409973905
0.9188648581072635,-0.38159292234427916
0.9189898737342168,-0.33564587154891923
0.9191148893611703,-0.09162092678160809
0.9192399049881236,-0.38100695853122707
0.9193649206150769,-0.10211753802317002
0.9194899362420303,-0.1971096457362499
0.9196149518689837,-0.13491239205779818
0.919739967495937,-0.0780340416881854
0.9198649831228904,-0.03193444921947337
0.9199899987498438,0.05175311221858637
0.9201150143767972,-0.011348418877059372
0.9202400300037505,0.0915368254979103
0.9203650456307039,-0.022281032016528007
0.9204900612576573,0.10970733667822077
0.9206150768846106,0.04053978899549868
0.920740092511564,0.2926627703866905
0.9208651081385174,0.1349012171128104
0.9209901237654707,0.31269757610784765
0.9211151393924241,0.3680472236408997
0.9212401550193775,0.4848163908260443
0.9213651706463308,0.5191699859497095
0.9214901862732843,0.450313536736355
0.9216152019002376,0.6909403003815825
0.9217402175271909,0.7350335296125489
0.9218652331541444,0.5001068835122034
0.9219902487810977,0.8577965930895138
0.922115264408051,0.49931548816943916
0.9222402800350045,0.802803698637139
0.9223652956619578,0.6192216486177083
0.9224903112889111,0.6316386062937029
0.9226153269158646,0.7103784904849271
0.9227403425428179,0.829762302854472
0.9228653581697713,0.6530608133194393
0.9229903737967247,0.7222082545183892
0.923115389423678,0.5475625915656464
0.9232404050506314,0.6151525190510806
0.9233654206775848,0.6706351774517362
0.9234904363045381,0.7478041836939552
0.9236154519314915,0.5049548492979108
0.9237404675584449,0.7397896858997426
0.9238654831853982,0.6383317340494477
0.9239904988123516,0.4699837607875432
0.924115514439305,0.6164772653185985
0.9242405300662584,0.41430985836056133
0.9243655456932117,0.32544742041085734
0.924490561320165,0.5092368254400541
0.9246155769471185,0.1631342901569126
0.9247405925740718,0.43616366953157654
0.9248656082010251,0.3097406365267275
0.9249906238279786,0.2963004721144947
0.9251156394549319,0.22134065908647554
0.9252406550818852,0.4122413373087675
0.9253656707088387,0.24398696758863428
0.925490686335792,0.23707426794402092
0.9256157019627455,0.33712900510179766
0.9257407175896988,0.16451876161586962
0.9258657332166521,0.2952772992791076
0.9259907488436055,0.1798590657589311
0.9261157644705589,0.15616598712574103
0.9262407800975122,0.23295077703854974
0.9263657957244656,-0.09510931673897571
0.926490811351419,0.15455725616995136
0.9266158269783723,0.2725551769910319
0.9267408426053257,0.4721691371698716
0.9268658582322791,0.11624366279897165
0.9269908738592325,0.10566327339062294
0.9271158894861858,0.2522852512699445
0.9272409051131392,0.12805582436707605
0.9273659207400926,0.12297244559754128
0.9274909363670459,0.22031619218447487
0.9276159519939993,0.22130865627001498
0.9277409676209527,0.21218968409560876
0.927865983247906,-0.022825569807638692
0.9279909988748595,0.11931469833023915
0.9281160145018128,0.110169984699088
0.9282410301287661,0.21772003575490267
0.9283660457557196,0.4308910580173987
0.9284910613826729,0.1432535389406297
0.9286160770096262,-0.02852303936674851
0.9287410926365797,0.136204854017354
0.928866108263533,0.0993029960089703
0.9289911238904863,0.04102380363397413
0.9291161395174398,0.14662054656332948
0.9292411551443931,0.013577361546097622
0.9293661707713465,0.09011949845963185
0.9294911863982999,-0.08710245071452562
0.9296162020252532,0.1461164694271475
0.9297412176522066,-0.1972717438639803
0.92986623327916,0.03621940909935282
0.9299912489061133,-0.001451702006296621
0.9301162645330667,0.04883892887132136
0.9302412801600201,0.14167857470813586
0.9303662957869734,-0.0011195854711161955
0.9304913114139268,0.004435029396980191
0.9306163270408802,-0.12677210186610327
0.9307413426678336,-0.08677296146410873
0.9308663582947869,-0.09929952435187468
0.9309913739217403,0.050052703460659
0.9311163895486937,-0.0438023180981598
0.931241405175647,-0.25049053972862073
0.9313664208026003,-0.13696014179907662
0.9314914364295538,-0.003233438109706338
0.9316164520565071,-0.1944892330793892
0.9317414676834604,-0.10380399475303112
0.9318664833104139,-0.294585589193416
0.9319914989373672,-0.2056671886049156
0.9321165145643207,-0.13449642087400174
0.932241530191274,-0.135411606201314
0.9323665458182273,-0.19243814918616423
0.9324915614451807,-0.03992051700407576
0.9326165770721341,-0.11835282285871881
0.9327415926990874,-0.10330945764865147
0.9328666083260408,-0.13116058529860455
0.9329916239529942,0.028226371436177056
0.9331166395799475,-0.2283327118861268
0.9332416552069009,-0.17913673813238123
0.9333666708338543,-0.20220794004717263
0.9334916864608077,-0.28030217819550135
0.933616702087761,-0.3288336435365476
0.9337417177147144,-0.1616422156574462
0.9338667333416678,-0.23113868261539772
0.9339917489686211,-0.2544030893071207
0.9341167645955745,-0.11713372812281501
0.9342417802225279,-0.0714533874041815
0.9343667958494812,-0.0810017800031824
0.9344918114764346,-0.36102299225072837
0.934616827103388,-0.5064268905240086
0.9347418427303413,-0.310714772174615
0.9348668583572948,-0.4503923806836801
0.9349918739842481,-0.2954427430374505
0.9351168896112014,-0.38326873320468974
0.9352419052381549,-0.5582912737535678
0.9353669208651082,-0.24834296035615966
0.9354919364920615,-0.48746739030441905
0.935616952119015,-0.6642250585514359
0.9357419677459683,-0.41219304949824764
0.9358669833729216,-0.34865550777377585
0.9359919989998751,-0.4671186416719063
0.9361170146268284,-0.5481695094692968
0.9362420302537818,-0.6410724926373708
0.9363670458807352,-0.6461700114693054
0.9364920615076885,-0.6442976745089342
0.9366170771346419,-0.554115293528219
0.9367420927615953,-0.8408973037491904
0.9368671083885486,-0.581593777048061
0.936992124015502,-0.6231458086694336
0.9371171396424554,-0.8244072609189663
0.9372421552694088,-0.6426998699270463
0.9373671708963621,-0.6667578611591404
0.9374921865233155,-0.6704305724422224
0.9376172021502689,-0.8059912237748097
0.9377422177772222,-0.710616878054503
0.9378672334041755,-0.5556128025971925
0.937992249031129,-0.7078661934160443
0.9381172646580823,-0.6062765977632752
0.9382422802850356,-0.5133457141929944
0.9383672959119891,-0.5274723837577082
0.9384923115389424,-0.6807792800283246
0.9386173271658959,-0.6260767029036978
0.9387423427928492,-0.4935045888224563
0.9388673584198025,-0.5190365685966236
0.938992374046756,-0.3923991819284595
0.9391173896737093,-0.3142573301785154
0.9392424053006626,-0.3698053457928839
0.939367420927616,-0.12818885190014495
0.9394924365545694,-0.24698471617264367
0.9396174521815227,-0.15875286905183855
0.9397424678084761,-0.19683958460742002
0.9398674834354295,-0.08598257604789446
0.9399924990623829,0.06101651894612576
0.9401175146893362,-0.14917163038318454
0.9402425303162896,0.1250012104749496
0.940367545943243,0.23045342296002563
0.9404925615701963,0.19592918604696
0.9406175771971497,0.45683903002706244
0.9407425928241031,0.45716223519763455
0.9408676084510564,0.4375917205614231
0.9409926240780098,0.293279234440381
0.9411176397049632,0.2403183638186553
0.9412426553319165,0.6393236565766979
0.94136767095887,0.6077731841831143
0.9414926865858233,0.7145709678234394
0.9416177022127766,0.5432905401120353
0.9417427178397301,0.5393272605113401
0.9418677334666834,0.6720373891077783
0.9419927490936367,0.7052038687890115
0.9421177647205902,0.4853609107787555
0.9422427803475435,0.7134666794523745
0.9423677959744968,0.7459895679697486
0.9424928116014503,0.7372560550676183
0.9426178272284036,0.7852284149330875
0.942742842855357,0.46601987197954364
0.9428678584823104,0.7746050508397552
0.9429928741092637,0.5704185392485911
0.9431178897362171,0.5389289288596635
0.9432429053631705,0.6836675071570727
0.9433679209901238,0.5369701983198789
0.9434929366170772,0.6812359193292437
0.9436179522440306,0.5134935218841598
0.9437429678709839,0.4837772241592573
0.9438679834979373,0.6248230173537223
0.9439929991248907,0.4839147277780117
0.9441180147518441,0.598474128109843
0.9442430303787974,0.5113170804926268
0.9443680460057507,0.549180466997634
0.9444930616327042,0.291938344378069
0.9446180772596575,0.4869176306841039
0.9447430928866108,0.35685457678369387
0.9448681085135643,0.3878660953951208
0.9449931241405176,0.3018102379366289
0.9451181397674709,0.4642617355434662
0.9452431553944244,0.3429295245589359
0.9453681710213777,0.45371223866163746
0.9454931866483312,0.22182922504327815
0.9456182022752845,0.2201643330889747
0.9457432179022378,0.41144650634533275
0.9458682335291912,0.2265868168720803
0.9459932491561446,0.18170741630233775
0.9461182647830979,0.23174394391234313
0.9462432804100513,0.21912022263781145
0.9463682960370047,0.25229244608361057
0.946493311663958,0.26805517441995236
0.9466183272909114,0.3198063226475432
0.9467433429178648,0.1399417353914958
0.9468683585448182,0.13124859700403296
0.9469933741717715,0.05869733056053646
0.9471183897987249,0.2675549326594131
0.9472434054256783,0.06175491428980177
0.9473684210526316,0.1232006586222798
0.947493436679585,0.30820725765662305
0.9476184523065384,0.22761200438929152
0.9477434679334917,0.11783343361382777
0.9478684835604452,0.3536069946390367
0.9479934991873985,0.08372518324680209
0.9481185148143518,0.2581681425321605
0.9482435304413053,0.047566463082247844
0.9483685460682586,0.030994855942130434
0.9484935616952119,0.1951181437257017
0.9486185773221654,0.13407086427933512
0.9487435929491187,0.20732077127315146
0.948868608576072,0.030875245619471248
0.9489936242030255,-0.005073012691080368
0.9491186398299788,0.04294989043030424
0.9492436554569322,0.025082493492091025
0.9493686710838856,0.03263635147447231
0.9494936867108389,0.06154641609455574
0.9496187023377923,0.08589843894327436
0.9497437179647457,-0.1275539340550355
0.949868733591699,0.1452421346379107
0.9499937492186524,0.0950715229540224
0.9501187648456058,0.0153350570920218
0.9502437804725591,-0.023813740546526577
0.9503687960995125,0.09720968532487509
0.9504938117264659,0.23776533300472613
0.9506188273534193,0.13137925730168593
0.9507438429803726,-0.21823862135346683
0.950868858607326,0.03871870183726536
0.9509938742342794,0.07488679194602775
0.9511188898612327,-0.3392290345346779
0.951243905488186,-0.22852545769287075
0.9513689211151395,-0.038358804682737745
0.9514939367420928,-0.15863818217937561
0.9516189523690461,-0.19239190693098004
0.9517439679959996,-0.1492155737149181
0.9518689836229529,-0.1340673033700295
0.9519939992499064,-0.1966643115294984
0.9521190148768597,-0.21531156556730027
0.952244030503813,-0.21732666232179382
0.9523690461307665,-0.2637433986900513
0.9524940617577198,-0.03340479568589949
0.9526190773846731,-0.17831168136023703
0.9527440930116265,0.15448769425086836
0.9528691086385799,-0.18058050072176923
0.9529941242655332,-0.12262390425422176
0.9531191398924866,-0.11058360557145216
0.95324415551944,-0.05484950481364756
0.9533691711463934,-0.20986077758282135
0.9534941867733467,-0.3573952184580685
0.9536192024003001,-0.34941057046110924
0.9537442180272535,-0.08712841084894084
0.9538692336542068,-0.185677910915923
0.9539942492811602,-0.18098834298953043
0.9541192649081136,-0.4048094296500751
0.9542442805350669,-0.22433501953407503
0.9543692961620203,-0.2504266581478995
0.9544943117889737,-0.28926784532311706
0.954619327415927,-0.27126748269414863
0.9547443430428805,-0.2585212000358917
0.9548693586698338,-0.32519105963879535
0.9549943742967871,-0.4105492797572821
0.9551193899237406,-0.32225752861746415
0.9552444055506939,-0.21301286783899598
0.9553694211776472,-0.3766116281811458
0.9554944368046007,-0.41577715171951085
0.955619452431554,-0.47545166884472434
0.9557444680585073,-0.5027249878139916
0.9558694836854608,-0.6504546826157416
0.9559944993124141,-0.7047438963720442
0.9561195149393675,-0.7544277452502028
0.9562445305663209,-0.6062648002276282
0.9563695461932742,-0.6352083433337501
0.9564945618202276,-0.44580711344089397
0.956619577447181,-0.7210664332395411
0.9567445930741343,-0.5469379923756387
0.9568696087010877,-0.700957498793807
0.956994624328041,-0.5527795540259174
0.9571196399549944,-0.8816857105792734
0.9572446555819478,-0.6770652371352097
0.9573696712089012,-0.4130992871363141
0.9574946868358546,-0.6553864083082859
0.9576197024628079,-0.8339345929202435
0.9577447180897612,-0.6364124574812527
0.9578697337167147,-0.8706168489889893
0.957994749343668,-0.670238654673803
0.9581197649706213,-0.8028840700915435
0.9582447805975748,-0.4753862272281954
0.9583697962245281,-0.4956352607171431
0.9584948118514816,-0.4769087335788334
0.9586198274784349,-0.5366748725489869
0.9587448431053882,-0.4944846970451537
0.9588698587323417,-0.341611868043491
0.958994874359295,-0.18489186257102122
0.9591198899862483,-0.39822855461562173
0.9592449056132017,-0.30986339576385474
0.9593699212401551,-0.43902577372509777
0.9594949368671084,-0.1443554740543485
0.9596199524940618,-0.22119676932688298
0.9597449681210152,-0.12252104180980285
0.9598699837479686,-0.023288420605563014
0.9599949993749219,-0.02578495976568127
0.9601200150018753,0.016324542067247053
0.9602450306288287,-0.04102421471191534
0.960370046255782,0.13435928845797493
0.9604950618827354,0.12475636250135612
0.9606200775096888,0.2088272142604615
0.9607450931366421,0.3193996035456531
0.9608701087635955,0.37670189706469487
0.9609951243905489,0.5265895268184682
0.9611201400175022,0.41492141324450316
0.9612451556444557,0.5875180338257487
0.961370171271409,0.619499109443904
0.9614951868983623,0.5499146184796514
0.9616202025253158,0.6392939000746176
0.9617452181522691,0.5609711981193312
0.9618702337792224,0.5446776218321618
0.9619952494061759,0.6006004157430487
0.9621202650331292,0.5820862804859477
0.9622452806600825,0.7418644247595602
0.962370296287036,0.4313885461187772
0.9624953119139893,0.6237302524103726
0.9626203275409427,0.558836919278454
0.9627453431678961,0.7466040777188813
0.9628703587948494,0.648336082965273
0.9629953744218028,0.7076061594030656
0.9631203900487562,0.6000874205291898
0.9632454056757095,0.724735417671397
0.9633704213026629,0.7242064610274265
0.9634954369296163,0.6143229985101185
0.9636204525565696,0.43435602552213537
0.963745468183523,0.5953534305333563
0.9638704838104764,0.4990173172061325
0.9639954994374298,0.6600131544509927
0.9641205150643831,0.3966013563391472
0.9642455306913364,0.4090901775146
0.9643705463182899,0.43420881357134056
0.9644955619452432,0.6288256570932862
0.9646205775721965,0.47436221817278146
0.96474559319915,0.4631178877228027
0.9648706088261033,0.21789936438542604
0.9649956244530566,0.5062879309420789
0.9651206400800101,0.43549260367521175
0.9652456557069634,0.37268269913760144
0.9653706713339169,0.11151436213770259
0.9654956869608702,0.42476124533958143
0.9656207025878235,0.19663196950825163
0.965745718214777,0.11015704404734206
0.9658707338417303,0.3196810382566303
0.9659957494686836,0.187795838204399
0.966120765095637,0.05558046315874936
0.9662457807225904,0.19486116883177576
0.9663707963495437,0.21444083452555338
0.9664958119764971,0.15369733297397595
0.9666208276034505,0.18316985111578604
0.9667458432304039,0.1166579511098876
0.9668708588573572,0.2233757378953098
0.9669958744843106,0.19281695364950324
0.967120890111264,0.19109306304629095
0.9672459057382173,0.29937408556606565
0.9673709213651707,0.22418061362822506
0.9674959369921241,0.15216254467544768
0.9676209526190774,0.18440072007965144
0.9677459682460308,0.21682479165563182
0.9678709838729842,-0.062479018459057616
0.9679959994999375,0.1637063033082549
0.968121015126891,0.2389970570380646
0.9682460307538443,0.1340546733382503
0.9683710463807976,0.3360442519275296
0.9684960620077511,0.2745690960178071
0.9686210776347044,0.26476068929786134
0.9687460932616577,0.2421162876267997
0.9688711088886112,-0.10366075097013569
0.9689961245155645,0.24648157958633155
0.9691211401425179,0.12979810742303013
0.9692461557694713,0.2327896885127805
0.9693711713964246,-0.019134818488900914
0.969496187023378,0.024732568950537187
0.9696212026503314,0.036793594955184285
0.9697462182772847,0.037114993852241894
0.9698712339042381,-0.1548108441939656
0.9699962495311915,-0.098645965367015
0.9701212651581448,-0.09853299390183136
0.9702462807850982,0.16946785618445237
0.9703712964120516,-0.04723625534606728
0.970496312039005,0.1311898348320917
0.9706213276659583,-0.1642979778036451
0.9707463432929117,0.011143679113220095
0.9708713589198651,-0.16325413303877315
0.9709963745468184,-0.07924358890597619
0.9711213901737717,-0.10671000522483001
0.9712464058007252,-0.1491649739377932
0.9713714214276785,-0.3091279752975265
0.9714964370546318,-0.21844599488855448
0.9716214526815853,-0.12819740738378696
0.9717464683085386,-0.28271072518624674
0.971871483935492,0.046792142611030686
0.9719964995624454,-0.298740336612678
0.9721215151893987,-0.24838193174464948
0.9722465308163522,-0.06428548473609026
0.9723715464433055,-0.0715775346479845
0.9724965620702588,0.10205684804006963
0.9726215776972122,-0.16592113877842743
0.9727465933241656,-0.0922318571945404
0.9728716089511189,-0.22628609352937096
0.9729966245780723,-0.18314020424642538
0.9731216402050257,-0.2009443778436917
0.9732466558319791,-0.19174540114937796
0.9733716714589324,-0.1854820715232533
0.9734966870858858,-0.25667117800020633
0.9736217027128392,-0.29907199075820906
0.9737467183397925,-0.09200162495932365
0.9738717339667459,-0.3806450987133065
0.9739967495936993,-0.2003075329995382
0.9741217652206526,-0.12487505607592096
0.974246780847606,-0.3360562239327795
0.9743717964745594,-0.34136006697646953
0.9744968121015127,-0.34141270173628785
0.9746218277284662,-0.31612649497736317
0.9747468433554195,-0.3447719067786599
0.9748718589823728,-0.2385536798748074
0.9749968746093263,-0.4164893027690936
0.9751218902362796,-0.3903103885764148
0.9752469058632329,-0.41704429158924694
0.9753719214901864,-0.4242548894469516
0.9754969371171397,-0.488339904600762
0.975621952744093,-0.4740845691000938
0.9757469683710465,-0.459739300891161
0.9758719839979998,-0.6681351837600685
0.9759969996249532,-0.8048738557723739
0.9761220152519066,-0.500376545574818
0.9762470308788599,-0.5078756937482952
0.9763720465058133,-0.7579990254798348
0.9764970621327667,-0.5872810396023544
0.97662207775972,-0.8303623589445311
0.9767470933866734,-0.6186219134398051
0.9768721090136268,-0.7517357216112732
0.9769971246405801,-0.7487858453496176
0.9771221402675335,-0.6205806149106388
0.9772471558944869,-0.7637925545609563
0.9773721715214403,-0.6195300636073168
0.9774971871483936,-0.6618349474629256
0.977622202775347,-0.7496938093887313
0.9777472184023004,-0.544850306209987
0.9778722340292537,-0.7568080369175446
0.977997249656207,-0.5123049388354208
0.9781222652831605,-0.7105720246397895
0.9782472809101138,-0.5110858987652677
0.9783722965370673,-0.4705492448670539
0.9784973121640206,-0.3372936533920476
0.9786223277909739,-0.5863727733939799
0.9787473434179274,-0.49213256037811104
0.9788723590448807,-0.4903943232500432
0.978997374671834,-0.4185752429846527
0.9791223902987874,-0.31787453714223074
0.9792474059257408,-0.35832111985221204
0.9793724215526941,-0.3145109710800254
0.9794974371796475,-0.3514263643469724
0.9796224528066009,-0.27719770332988863
0.9797474684335543,0.06345901574283117
0.9798724840605076,-0.1673677593763325
0.979997499687461,0.07239802863833784
0.9801225153144144,0.09621920266200094
0.9802475309413677,-0.07877972970713294
0.9803725465683211,0.35138397360567525
0.9804975621952745,0.21221178986038786
0.9806225778222278,0.30583978726977473
0.9807475934491812,0.577462493309915
0.9808726090761346,0.32583643657185096
0.9809976247030879,0.3378023251713793
0.9811226403300414,0.36208914084858385
0.9812476559569947,0.5237726610466207
0.981372671583948,0.2767510283989254
0.9814976872109015,0.6820255448606484
0.9816227028378548,0.5463584466911947
0.9817477184648081,0.6419151972677775
0.9818727340917616,0.6481011378443917
0.9819977497187149,0.7257311015775317
0.9821227653456682,0.5614085180895102
0.9822477809726217,0.7354359791753529
0.982372796599575,0.6882046576438214
0.9824978122265284,0.7414651135368451
0.9826228278534818,0.636520408396563
0.9827478434804351,0.7752710186450059
0.9828728591073885,0.6190194073445086
0.9829978747343419,0.8118468482617061
0.9831228903612952,0.6498860427014775
0.9832479059882486,0.5323027114635797
0.983372921615202,0.4964965656060258
0.9834979372421553,0.573870081030147
0.9836229528691087,0.5643842081344379
0.983747968496062,0.5030220805034994
0.9838729841230155,0.7033925670559602
0.9839979997499688,0.510061263657468
0.9841230153769222,0.5009930168941439
0.9842480310038756,0.6828196348905826
0.9843730466308289,0.42201575300707916
0.9844980622577822,0.5911459444530063
0.9846230778847357,0.3897188705924614
0.984748093511689,0.5068546704475931
0.9848731091386423,0.30475373520669985
0.9849981247655958,0.25152901288088997
0.9851231403925491,0.25181236534546747
0.9852481560195026,0.3324431018670148
0.9853731716464559,0.42947656865247735
0.9854981872734092,0.4055871204688425
0.9856232029003626,0.3299271867638588
0.985748218527316,0.35051660077619085
0.9858732341542693,0.13906545112073654
0.9859982497812227,0.20463339119374674
0.9861232654081761,0.278669486213689
0.9862482810351294,0.19597307591194357
0.9863732966620828,0.28504951414259017
0.9864983122890362,0.2493298529374317
0.9866233279159896,0.4238051326098709
0.9867483435429429,0.15454726741163452
0.9868733591698963,0.2702502843115909
0.9869983747968497,0.08585816317486515
0.987123390423803,0.10058162306042721
0.9872484060507564,0.16827810615141717
0.9873734216777098,0.05656228821288769
0.9874984373046631,0.2170334704461947
0.9876234529316165,0.12882403442266832
0.9877484685585699,0.10853838273678186
0.9878734841855232,0.381893848201418
0.9879984998124767,0.19859549907426072
0.98812351543943,0.23143760051904075
0.9882485310663833,-0.13375254938093772
0.9883735466933368,0.12727121849872688
0.9884985623202901,0.2690337193083151
0.9886235779472434,0.19465737278222323
0.9887485935741969,0.02732917011296508
0.9888736092011502,0.025113716304600686
0.9889986248281036,0.24851091431410507
0.989123640455057,0.10171686666381677
0.9892486560820103,0.0696128968269654
0.9893736717089637,-0.016750777038260164
0.9894986873359171,-0.09527758805263756
0.9896237029628704,0.06805545644667828
0.9897487185898238,0.05724326183253021
0.9898737342167772,-0.15773159524442787
0.9899987498437305,-0.02256044135884467
0.9901237654706839,-0.09885467487178741
0.9902487810976373,-0.0895176917133631
0.9903737967245907,-0.11623819201561512
0.990498812351544,0.038964345873685566
0.9906238279784974,-0.103136508978929
0.9907488436054508,-0.180323910540768
0.9908738592324041,-0.10905508485180303
0.9909988748593574,-0.015180224388565613
0.9911238904863109,0.06133677661843483
0.9912489061132642,-0.07452984480915091
0.9913739217402175,-0.02193904419628876
0.991498937367171,-0.3880026564828412
0.9916239529941243,-0.1954493548765761
0.9917489686210778,-0.19019586415067885
0.9918739842480311,-0.28765890712131037
0.9919989998749844,0.1134035389268765
0.9921240155019379,-0.11339008303488284
0.9922490311288912,-0.18256220578200352
0.9923740467558445,-0.2229447083920669
0.992499062382798,-0.18234992439382722
0.9926240780097513,-0.22157409616939713
0.9927490936367046,0.009928917496564845
0.992874109263658,-0.16848819036311205
0.9929991248906114,-0.04172932483344335
0.9931241405175648,-0.12472532328329665
0.9932491561445181,-0.18389662590055125
0.9933741717714715,-0.2393922824889412
0.9934991873984249,-0.1741255580944131
0.9936242030253782,-0.2849857812256021
0.9937492186523316,-0.399588960072843
0.993874234279285,-0.18535429422090738
0.9939992499062383,-0.19607308630982817
0.9941242655331917,-0.2659298422910355
0.9942492811601451,-0.2894233441821973
0.9943742967870984,-0.3966385762403048
0.9944993124140519,-0.4266505792309444
0.9946243280410052,-0.09848358069497266
0.9947493436679585,-0.41713589971625126
0.994874359294912,-0.25279766035173507
0.9949993749218653,-0.2733193424416321
0.9951243905488186,-0.4996862750411409
0.9952494061757721,-0.37888274065990146
0.9953744218027254,-0.42423037398999663
0.9954994374296787,-0.5093512448823831
0.9956244530566322,-0.446225857787527
0.9957494686835855,-0.5303483237949981
0.9958744843105389,-0.3232955610188521
0.9959994999374923,-0.6374326104482059
0.9961245155644456,-0.33749071875229214
0.996249531191399,-0.6408650215839055
0.9963745468183524,-0.4943646234301446
0.9964995624453057,-0.4681264921384892
0.9966245780722591,-0.8286407714160353
0.9967495936992125,-0.44894976769168893
0.9968746093261658,-0.6782114240437727
0.9969996249531192,-0.5420379222441589
0.9971246405800726,-0.4608384003058792
0.997249656207026,-0.7457850752361709
0.9973746718339793,-0.7525768499705346
0.9974996874609326,-0.7107887402620228
0.9976247030878861,-0.5963226924180935
0.9977497187148394,-0.9865808275460188
0.9978747343417927,-0.7282146957347009
0.9979997499687462,-0.6152642818880173
0.9981247655956995,-0.47510836334427753
0.9982497812226528,-0.5694920011231142
0.9983747968496063,-0.6076786931737717
0.9984998124765596,-0.6430358251625126
0.998624828103513,-0.6586225305019059
0.9987498437304664,-0.5538057404899241
0.9988748593574197,-0.37702390753472564
0.9989998749843731,-0.2152614527672777
0.9991248906113265,-0.3701040466691161
0.9992499062382798,-0.1918798090810023
0.9993749218652332,-0.32307476411319597
0.9994999374921866,-0.1363148959618977
0.99962495311914,-0.1037489677570357
0.9997499687460933,-0.1893288725905577
0.9998749843730467,-0.08761101199727554
1.0,-0.08463794417368627
