time,amplitude
0.0,0.13087406986096894
0.00012501562695336918,0.0745186926755822
0.00025003125390673836,0.03790146764263027
0.00037504688086010754,0.09780496985669175
0.0005000625078134767,0.2945605128756564
0.000625078134766846,0.48858216363962326
0.0007500937617202151,0.2212615843962902
0.0008751093886735842,0.3941409736018075
0.0010001250156269534,0.5282835830200509
0.0011251406425803227,0.46569700390435237
0.001250156269533692,0.4809978072266257
0.001375171896487061,0.5492321196569276
0.0015001875234404302,0.6249848493897276
0.0016252031503937994,0.5428451904007761
0.0017502187773471684,0.5598586906220184
0.0018752344043005376,0.8660610846524375
0.002000250031253907,0.7945991368380952
0.002125265658207276,0.9238056544248485
0.0022502812851606453,0.6880254431252899
0.0023752969121140144,0.6284559707468476
0.002500312539067384,0.7529407177057359
0.002625328166020753,0.8638864260424961
0.002750343792974122,0.7161787683330046
0.0028753594199274913,0.8222882499737669
0.0030003750468808603,0.5597166628632946
0.0031253906738342293,0.52162321269316
0.0032504063007875988,0.6834896538232847
0.003375421927740968,0.7134876889418857
0.003500437554694337,0.6685057937663471
0.0036254531816477063,0.49830119741296575
0.0037504688086010753,0.7401242649557362
0.0038754844355544447,0.6541136011519675
0.004000500062507814,0.6320552153804097
0.004125515689461183,0.3866944184464141
0.004250531316414552,0.48855014324176144
0.004375546943367921,0.4027755890474842
0.004500562570321291,0.4807949748684374
0.004625578197274659,0.3822682968261393
0.004750593824228029,0.4393321099382385
0.004875609451181398,0.4487173323655794
0.005000625078134768,0.35144268269713214
0.005125640705088136,0.3960693719545292
0.005250656332041506,0.2934101654598077
0.005375671958994875,0.20969207804027548
0.005500687585948244,0.38020229770796415
0.005625703212901613,0.28457170128204756
0.005750718839854983,0.4639553335384323
0.005875734466808351,0.3028689197415152
0.006000750093761721,0.15249573839666825
0.00612576572071509,0.31173542420496775
0.006250781347668459,0.19327857526089168
0.006375796974621828,0.3171764932104667
0.0065008126015751976,0.20840100130387676
0.006625828228528566,0.17465253429169847
0.006750843855481936,0.10847430461889247
0.006875859482435305,0.09797581608852599
0.007000875109388674,0.17216735010292247
0.007125890736342043,0.180953995633859
0.0072509063632954125,0.23030118207656708
0.007375921990248782,0.16938554445834444
0.0075009376172021506,0.12027891273364334
0.00762595324415552,0.2876534601019005
0.0077509688711088895,0.18459497191526847
0.007875984498062259,0.23437046971586156
0.008001000125015627,0.2526691592713935
0.008126015751968996,0.04629720856065439
0.008251031378922366,0.26392525157021496
0.008376047005875735,0.23034748008390513
0.008501062632829104,0.34898663223902787
0.008626078259782474,0.14806627151287613
0.008751093886735842,0.09677769607313359
0.008876109513689211,0.00482442594077052
0.009001125140642581,0.1186556896310376
0.00912614076759595,-0.03350214799530651
0.009251156394549319,0.30365780761363004
0.009376172021502689,0.06608585894350709
0.009501187648456057,-0.04506433275385179
0.009626203275409426,0.07965342768195419
0.009751218902362796,0.08651601115295404
0.009876234529316165,0.014299325374193109
0.010001250156269535,0.006256038016752172
0.010126265783222904,-0.013709280098853393
0.010251281410176272,-0.03202556851820347
0.010376297037129643,-0.01274696513437897
0.010501312664083011,0.022404773800545803
0.01062632829103638,-0.05239045519904825
0.01075134391798975,-0.1340252385581563
0.010876359544943119,-0.06899633617996839
0.011001375171896487,0.10270463752620677
0.011126390798849858,-0.05143898951796467
0.011251406425803226,0.010954082354770597
0.011376422052756595,-0.28099331404873507
0.011501437679709965,-0.062492439879130425
0.011626453306663334,0.00643879295231568
0.011751468933616702,-0.19216970582084353
0.011876484560570073,-0.1414798496695184
0.012001500187523441,-0.06684550289712729
0.01212651581447681,-0.12122807452761096
0.01225153144143018,-0.13711874283315664
0.012376547068383549,-0.27359493240216287
0.012501562695336917,-0.21020573703720902
0.012626578322290288,-0.0672654929389586
0.012751593949243656,-0.37543530988897267
0.012876609576197025,-0.19650430507622527
0.013001625203150395,-0.128756627319714
0.013126640830103764,-0.14769876456023415
0.013251656457057132,-0.19738230157025805
0.013376672084010503,-0.32359122408352753
0.013501687710963871,-0.2867651266140786
0.01362670333791724,-0.19901766433084342
0.01375171896487061,-0.280224436429251
0.013876734591823979,-0.24398435566514995
0.014001750218777347,-0.18587704314360498
0.014126765845730718,-0.32052272029311296
0.014251781472684086,-0.3015396144581007
0.014376797099637456,-0.23520970942659256
0.014501812726590825,-0.18794383080983182
0.014626828353544194,-0.44337079480825364
0.014751843980497564,-0.24524869786736006
0.014876859607450933,-0.37056929597396104
0.015001875234404301,-0.44636888696892085
0.015126890861357671,-0.5645361782236362
0.01525190648831104,-0.6188682920083162
0.015376922115264409,-0.563919343681578
0.015501937742217779,-0.6161126309187818
0.015626953369171147,-0.5603191860352169
0.015751968996124518,-0.5426404784866138
0.015876984623077885,-0.7037547748480882
0.016002000250031255,-0.6763116272243525
0.016127015876984625,-0.5394058992255814
0.016252031503937992,-0.5455492835475712
0.016377047130891362,-0.6561044384893654
0.016502062757844733,-0.5093628268905712
0.0166270783847981,-0.6273515797909952
0.01675209401175147,-0.8015172538722257
0.01687710963870484,-0.6060203672163177
0.017002125265658207,-0.606027278325958
0.017127140892611577,-0.7403055966977997
0.017252156519564948,-0.8182839658742264
0.017377172146518315,-0.6344003592408557
0.017502187773471685,-0.8232943384513141
0.017627203400425055,-0.5582692796191868
0.017752219027378422,-0.697961534830314
0.017877234654331792,-0.8140060818746592
0.018002250281285163,-0.707321115060395
0.01812726590823853,-0.7445823122281029
0.0182522815351919,-0.7342645726149934
0.01837729716214527,-0.4601733727983794
0.018502312789098637,-0.5376775419723273
0.018627328416052007,-0.49711440121336287
0.018752344043005378,-0.6283184536555588
0.018877359669958745,-0.4339426747694882
0.019002375296912115,-0.45160977875929537
0.019127390923865485,-0.1916252898503483
0.019252406550818852,-0.4026245439534534
0.019377422177772222,-0.41862527161420915
0.019502437804725593,-0.14999649783122332
0.01962745343167896,-0.09528938325133782
0.01975246905863233,0.11927446657435639
0.0198774846855857,0.0923453749434615
0.02000250031253907,-0.009986380245051893
0.020127515939492437,-0.05027927080747597
0.020252531566445808,0.14080657542307248
0.020377547193399178,0.29213397077854625
0.020502562820352545,0.12364075456395818
0.020627578447305915,0.4559166060992077
0.020752594074259285,0.4696904714704591
0.020877609701212652,0.45521996292629024
0.021002625328166023,0.5048829418730126
0.021127640955119393,0.4583630152492527
0.02125265658207276,0.5598636722756344
0.02137767220902613,0.6447130426432262
0.0215026878359795,0.5741155691105267
0.021627703462932867,0.7502571518083616
0.021752719089886238,0.5734436569487541
0.021877734716839608,0.630886843979822
0.022002750343792975,0.6761119750711295
0.022127765970746345,0.6817145423116702
0.022252781597699715,0.8955052908334163
0.022377797224653082,0.5841893207280968
0.022502812851606453,0.6287929461869267
0.022627828478559823,0.8096319519643368
0.02275284410551319,0.6722593089707011
0.02287785973246656,0.7281024472123572
0.02300287535941993,0.677420945240214
0.023127890986373297,0.8964723675976923
0.023252906613326668,0.613042500062931
0.023377922240280038,0.7505453058041627
0.023502937867233405,0.6116074096472567
0.023627953494186775,0.7388137149128957
0.023752969121140145,0.5011901957759115
0.023877984748093512,0.6177602492336778
0.024003000375046882,0.5133796927274484
0.024128016002000253,0.654215618866111
0.02425303162895362,0.4571401191926645
0.02437804725590699,0.6084389767187294
0.02450306288286036,0.4881743274841591
0.024628078509813727,0.5178213242967651
0.024753094136767097,0.4469577715066062
0.024878109763720468,0.4051341704719137
0.025003125390673835,0.4081006677583982
0.025128141017627205,0.42027091538409406
0.025253156644580575,0.433981580249272
0.025378172271533942,0.2620386341725671
0.025503187898487312,0.11885395686012104
0.025628203525440683,0.32362120376506165
0.02575321915239405,0.22765574255032459
0.02587823477934742,0.18501336927622672
0.02600325040630079,0.31239610234881227
0.026128266033254157,0.19283737835001621
0.026253281660207527,0.13111858417691008
0.026378297287160898,0.23335750305190278
0.026503312914114265,0.4493244441448955
0.026628328541067635,0.27438630703704175
0.026753344168021005,0.31643954208132247
0.026878359794974372,0.14162971015354234
0.027003375421927742,0.30257709715853387
0.027128391048881113,0.20586645858562436
0.02725340667583448,-0.04580380691856222
0.02737842230278785,0.033231019974436116
0.02750343792974122,0.2058533031236113
0.027628453556694587,0.16714152376681987
0.027753469183647957,-0.03643718328623942
0.027878484810601328,0.2607228393548758
0.028003500437554694,0.3159111765009435
0.028128516064508065,0.178273893457923
0.028253531691461435,0.3115063507430701
0.028378547318414805,0.20708394992989781
0.028503562945368172,0.11705076717048594
0.028628578572321543,0.16793702753908177
0.028753594199274913,0.24241189940099428
0.02887860982622828,0.423676860657584
0.02900362545318165,0.17817767697039635
0.02912864108013502,0.030491949026997308
0.029253656707088387,0.11540389720600813
0.029378672334041758,0.140073885974021
0.029503687960995128,0.1204449814120148
0.029628703587948495,-0.08337864610194319
0.029753719214901865,0.08647781087398634
0.029878734841855235,0.09458542662695468
0.030003750468808602,-0.1329477933254837
0.030128766095761973,-0.014971791167937225
0.030253781722715343,0.09871619120315096
0.03037879734966871,-0.14188967311390877
0.03050381297662208,0.004937882509132178
0.03062882860357545,-0.029180514352292748
0.030753844230528817,-0.16508108514726347
0.030878859857482188,-0.14832255197880795
0.031003875484435558,-0.15415026095869894
0.031128891111388925,-0.13591303071796568
0.031253906738342295,-0.16837441841449208
0.031378922365295665,-0.2507113712937723
0.031503937992249036,-0.355944403855188
0.0316289536192024,-0.1189956226723343
0.03175396924615577,-0.10388358858198642
0.03187898487310914,-0.162839467757116
0.03200400050006251,-0.3294099232094015
0.03212901612701588,-0.16898520196285702
0.03225403175396925,-0.16407263025705865
0.03237904738092262,-0.07814858909619934
0.032504063007875984,-0.2371000299651084
0.032629078634829355,-0.014131739080192668
0.032754094261782725,-0.061509541341535155
0.032879109888736095,-0.310457985306446
0.033004125515689466,-0.17419256598187713
0.033129141142642836,-0.13131934638851972
0.0332541567695962,-0.3193079789173408
0.03337917239654957,-0.1654051966730858
0.03350418802350294,-0.22778732742627414
0.03362920365045631,-0.3993610891190106
0.03375421927740968,-0.3030484303367432
0.03387923490436305,-0.18898495768561877
0.034004250531316414,-0.2998191053229588
0.034129266158269785,-0.2357931789152501
0.034254281785223155,-0.36601381885129763
0.034379297412176525,-0.3860605703992005
0.034504313039129896,-0.28851382222407934
0.034629328666083266,-0.37599201575784325
0.03475434429303663,-0.2281652461289975
0.03487935991999,-0.4094076615314294
0.03500437554694337,-0.4913234983128685
0.03512939117389674,-0.3096481070208568
0.03525440680085011,-0.29378590885816175
0.03537942242780348,-0.46136241966464847
0.035504438054756844,-0.303336336286161
0.035629453681710214,-0.4304662203704101
0.035754469308663585,-0.5554860202927389
0.035879484935616955,-0.3359199812864782
0.036004500562570325,-0.4278932424235972
0.036129516189523696,-0.54353058898703
0.03625453181647706,-0.6184424367102945
0.03637954744343043,-0.47203027196790087
0.0365045630703838,-0.6861559155263277
0.03662957869733717,-0.7521221591330596
0.03675459432429054,-0.6786887682990618
0.03687960995124391,-0.7585429022834292
0.037004625578197274,-0.6746646106686519
0.037129641205150644,-0.5792746701464963
0.037254656832104015,-0.7980394086388386
0.037379672459057385,-0.6247665431554759
0.037504688086010755,-0.8273266298302954
0.037629703712964126,-0.6758537394871208
0.03775471933991749,-0.885564886077929
0.03787973496687086,-0.7449925101087049
0.03800475059382423,-0.6515765316614089
0.0381297662207776,-0.7633215253735327
0.03825478184773097,-0.5391946815541728
0.03837979747468434,-0.5565548533638645
0.038504813101637704,-0.5997522717229924
0.038629828728591074,-0.5808859984797382
0.038754844355544445,-0.5508003842339678
0.038879859982497815,-0.39506257173472825
0.039004875609451185,-0.429829925567188
0.039129891236404556,-0.49010839152943164
0.03925490686335792,-0.40065842266658463
0.03937992249031129,-0.17409706367554853
0.03950493811726466,-0.3635098197617922
0.03962995374421803,-0.2993561984392945
0.0397549693711714,-0.13018081404783008
0.03987998499812477,-0.18418134128456906
0.04000500062507814,0.04779786041200115
0.040130016252031504,0.10960021911965982
0.040255031878984875,0.12795495376405888
0.040380047505938245,0.2643220259343773
0.040505063132891615,0.1939358559714271
0.040630078759844986,0.3339024430898988
0.040755094386798356,0.32362251463568753
0.04088011001375172,0.18594630177908827
0.04100512564070509,0.30170540833530374
0.04113014126765846,0.4344250565866552
0.04125515689461183,0.5030274324488037
0.0413801725215652,0.5793825377148993
0.04150518814851857,0.6177877236682089
0.041630203775471934,0.7043139060322152
0.041755219402425305,0.5737981803952995
0.041880235029378675,0.9215309122532492
0.042005250656332045,0.8098411973950255
0.042130266283285416,0.5371977143368432
0.042255281910238786,0.7140084266170496
0.04238029753719215,0.9017404401306947
0.04250531316414552,0.8442683969660055
0.04263032879109889,0.7633416379028239
0.04275534441805226,0.6276335114200986
0.04288036004500563,0.5385281613055877
0.043005375671959,0.8142142621989283
0.043130391298912364,0.6717280023345502
0.043255406925865734,0.719758363338133
0.043380422552819105,0.7814344401035045
0.043505438179772475,0.6751552249375478
0.043630453806725845,0.47212141524853746
0.043755469433679216,0.7706918770387194
0.04388048506063258,0.5541627436726164
0.04400550068758595,0.7144047161865564
0.04413051631453932,0.5069984071173038
0.04425553194149269,0.3294317110733723
0.04438054756844606,0.4276951440948954
0.04450556319539943,0.5733320687458722
0.044630578822352794,0.38741746437495944
0.044755594449306164,0.4950832271388726
0.044880610076259535,0.42201101234137245
0.045005625703212905,0.26820765005530844
0.045130641330166275,0.26208435805919345
0.045255656957119646,0.4417784074780131
0.04538067258407301,0.4613525115042241
0.04550568821102638,0.42470611868236924
0.04563070383797975,0.4533748479789879
0.04575571946493312,0.26809607298447635
0.04588073509188649,0.20942347763427924
0.04600575071883986,0.20740377504641583
0.046130766345793224,0.30217216884234316
0.046255781972746594,0.31886331599097745
0.046380797599699965,0.19208991441921755
0.046505813226653335,0.5198281720718814
0.046630828853606705,0.3123219520100729
0.046755844480560076,0.3845192684532224
0.04688086010751344,0.15148708885427156
0.04700587573446681,0.10392125013345076
0.04713089136142018,0.1842374536093867
0.04725590698837355,0.3355690500431627
0.04738092261532692,0.09112403644303803
0.04750593824228029,-0.01123528290070822
0.047630953869233654,0.23169724117954416
0.047755969496187024,0.15511894922224087
0.047880985123140395,0.21529774359761464
0.048006000750093765,0.25775447067370905
0.048131016377047135,0.09519182420871677
0.048256032004000506,0.24325748819220938
0.048381047630953876,0.006627709163484019
0.04850606325790724,0.03458415259145545
0.04863107888486061,0.11282360111995067
0.04875609451181398,0.16082317983080835
0.04888111013876735,0.1281346752498945
0.04900612576572072,-0.02204491983153871
0.04913114139267409,0.10045823833698138
0.049256157019627454,-0.03781332218467515
0.049381172646580825,-0.057007332822104254
0.049506188273534195,0.017508004862524372
0.049631203900487565,-0.02848874348335445
0.049756219527440936,0.030871377331962855
0.049881235154394306,0.052014275323773305
0.05000625078134767,0.07025102359010674
0.05013126640830104,-0.12366468681880112
0.05025628203525441,0.0957194806831369
0.05038129766220778,-0.0461897535206535
0.05050631328916115,-0.026925302969678468
0.05063132891611452,0.040110558991841405
0.050756344543067884,-0.05975576127157335
0.050881360170021254,-0.13707916370268278
0.051006375796974625,-0.08983626349401909
0.051131391423927995,0.02341080919535
0.051256407050881365,-0.008795631070410884
0.051381422677834736,-0.26172798102881467
0.0515064383047881,-0.15560737519984907
0.05163145393174147,-0.2851992177894206
0.05175646955869484,0.01035299157352574
0.05188148518564821,-0.40070534753668446
0.05200650081260158,-0.26805351064238836
0.05213151643955495,-0.09358727897133014
0.052256532066508314,-0.19906543267246107
0.052381547693461684,-0.23735956316458096
0.052506563320415055,-0.003275927664935161
0.052631578947368425,-0.19437561317259297
0.052756594574321795,-0.34695925653408566
0.052881610201275166,-0.28301272119830756
0.05300662582822853,-0.3489483788873139
0.0531316414551819,-0.30105680143587016
0.05325665708213527,-0.14464287603465428
0.05338167270908864,-0.26751526538861825
0.05350668833604201,-0.2693479573255942
0.05363170396299538,-0.2563046348698282
0.053756719589948744,-0.28172675878374137
0.053881735216902114,-0.24861714899407852
0.054006750843855485,-0.30408424183983807
0.054131766470808855,-0.3454604312219338
0.054256782097762225,-0.348120524023714
0.054381797724715596,-0.4070294224152034
0.05450681335166896,-0.22021478191986762
0.05463182897862233,-0.21938477039956694
0.0547568446055757,-0.5169633242939893
0.05488186023252907,-0.22607810497683076
0.05500687585948244,-0.4797512987613133
0.05513189148643581,-0.4657342797043622
0.055256907113389174,-0.4287838388936122
0.055381922740342544,-0.2972429036636456
0.055506938367295915,-0.36977853649997916
0.055631953994249285,-0.6216422449492093
0.055756969621202655,-0.43704710624160553
0.055881985248156026,-0.47121198704551054
0.05600700087510939,-0.40531360981149905
0.05613201650206276,-0.6360505901457096
0.05625703212901613,-0.7313025005391544
0.0563820477559695,-0.6590988576416722
0.05650706338292287,-0.7245014560735523
0.05663207900987624,-0.8024648024800284
0.05675709463682961,-0.591176304162237
0.056882110263782974,-0.6890040203208138
0.057007125890736345,-0.887502553278289
0.057132141517689715,-0.6425118346539156
0.057257157144643085,-0.745578994895244
0.057382172771596456,-0.7364294336782127
0.057507188398549826,-0.7991910803808283
0.05763220402550319,-0.7755424632465379
0.05775721965245656,-0.6632496797367634
0.05788223527940993,-0.5685888705577179
0.0580072509063633,-0.6637836794260732
0.05813226653331667,-0.504987250597246
0.05825728216027004,-0.7995900557823735
0.058382297787223404,-0.48815343044254267
0.058507313414176775,-0.6586082571923577
0.058632329041130145,-0.5324313355205612
0.058757344668083515,-0.5553405719019048
0.058882360295036885,-0.4745711153065707
0.059007375921990256,-0.3297034035859926
0.05913239154894362,-0.5000218154407449
0.05925740717589699,-0.3221686897067643
0.05938242280285036,-0.3564314181243136
0.05950743842980373,-0.28675440508499467
0.0596324540567571,-0.15563058686504377
0.05975746968371047,-0.1874936598205065
0.059882485310663834,-0.12263686968149501
0.060007500937617204,0.12785435136403794
0.060132516564570575,0.10736167653703492
0.060257532191523945,0.20668678719695957
0.060382547818477315,0.1763794636472772
0.060507563445430686,0.2488272678203235
0.06063257907238405,0.2967323061201811
0.06075759469933742,0.26103207268279655
0.06088261032629079,0.4894009423363227
0.06100762595324416,0.21588174529477025
0.06113264158019753,0.48619710094297713
0.0612576572071509,0.5413882717477728
0.061382672834104264,0.41237039071979914
0.061507688461057634,0.5737981683608497
0.061632704088011005,0.6447175766902392
0.061757719714964375,0.6534631355949017
0.061882735341917745,0.5543492801909436
0.062007750968871116,0.5719529299437495
0.06213276659582448,0.827193825772581
0.06225778222277785,0.4948165881469824
0.06238279784973122,0.637251581152363
0.06250781347668459,0.6977622742670195
0.06263282910363796,0.8801591993892531
0.06275784473059133,0.7911313605567206
0.0628828603575447,0.5882107563750479
0.06300787598449807,0.6865288406832766
0.06313289161145144,0.6689760104025392
0.0632579072384048,0.4155328270795145
0.06338292286535817,0.5495585264544272
0.06350793849231154,0.6693919031740639
0.06363295411926491,0.5747643997284293
0.06375796974621828,0.5163644565354675
0.06388298537317165,0.5721826947656113
0.06400800100012502,0.3509062732166354
0.06413301662707839,0.44889192568140757
0.06425803225403176,0.501888930346136
0.06438304788098513,0.562091495983538
0.0645080635079385,0.4499139065968345
0.06463307913489187,0.2975172114409309
0.06475809476184524,0.604261440019739
0.0648831103887986,0.4475030698622928
0.06500812601575197,0.45629690650097965
0.06513314164270534,0.25394454621255824
0.06525815726965871,0.19811177627444607
0.06538317289661208,0.3097610212067174
0.06550818852356545,0.46629739345545324
0.06563320415051882,0.37830704092851386
0.06575821977747219,0.1947535216505009
0.06588323540442556,0.2497896456548926
0.06600825103137893,0.18258584793878008
0.0661332666583323,0.1829313983192229
0.06625828228528567,0.4129894160827339
0.06638329791223903,0.15662303206845476
0.0665083135391924,0.07532754500990552
0.06663332916614577,0.28167850894350066
0.06675834479309914,0.05390671737773889
0.06688336042005251,0.22722820565855067
0.06700837604700588,0.257385398874571
0.06713339167395925,0.2652501939575594
0.06725840730091262,0.17338132720444285
0.06738342292786599,0.226104836725021
0.06750843855481936,0.09021989327425164
0.06763345418177273,0.0956340367218683
0.0677584698087261,0.11580482933329699
0.06788348543567946,0.12917997922441782
0.06800850106263283,-0.06282217925149651
0.0681335166895862,0.06995416536131437
0.06825853231653957,0.24370217789035045
0.06838354794349294,0.28519538624128354
0.06850856357044631,0.16622875588751204
0.06863357919739968,0.20491615251026574
0.06875859482435305,0.10948223113368473
0.06888361045130642,0.08059882285812406
0.06900862607825979,-0.04833994473883055
0.06913364170521316,0.09395459721260722
0.06925865733216653,-0.02432529214038795
0.06938367295911989,-0.0889251036785641
0.06950868858607326,-0.06493492328310774
0.06963370421302663,-0.0029265425025536275
0.06975871983998,0.007558483563309288
0.06988373546693337,0.07255940022242176
0.07000875109388674,-0.00030735782631251897
0.07013376672084011,-0.07767150806735393
0.07025878234779348,-0.1770981169115333
0.07038379797474685,-0.18728479064564846
0.07050881360170022,-0.011454724267049434
0.07063382922865359,-0.21870158797988973
0.07075884485560696,-0.16022834515391612
0.07088386048256032,-0.08969925364960869
0.07100887610951369,-0.07282308132152188
0.07113389173646706,-0.15381702994741464
0.07125890736342043,-0.02668016093747629
0.0713839229903738,-0.0730189498571535
0.07150893861732717,-0.08824383276222059
0.07163395424428054,-0.24075401001449492
0.07175896987123391,-0.3115484996448075
0.07188398549818728,-0.21623288631647566
0.07200900112514065,-0.07289898234840261
0.07213401675209402,-0.005347936853793721
0.07225903237904739,-0.053621926097347554
0.07238404800600076,-0.19175018124574258
0.07250906363295412,-0.26414471792839717
0.07263407925990749,-0.16000176272620065
0.07275909488686086,-0.08103406510632327
0.07288411051381423,-0.3005513332058557
0.0730091261407676,-0.12781449440307638
0.07313414176772097,-0.15783040797351824
0.07325915739467434,-0.28234424333066743
0.07338417302162771,-0.22037469088226166
0.07350918864858108,-0.17873526460295155
0.07363420427553445,-0.239399246667004
0.07375921990248782,-0.29571521960811376
0.07388423552944119,-0.4132614830165166
0.07400925115639455,-0.10606309364825227
0.07413426678334792,-0.5054238599435716
0.07425928241030129,-0.45613457329224283
0.07438429803725466,-0.3433606857210338
0.07450931366420803,-0.3679594277004819
0.0746343292911614,-0.3667660117596218
0.07475934491811477,-0.15983200803242287
0.07488436054506814,-0.48551222648175596
0.07500937617202151,-0.3295424446898425
0.07513439179897488,-0.30394431330917887
0.07525940742592825,-0.4190756100832893
0.07538442305288162,-0.5039402326746787
0.07550943867983498,-0.5508963038423488
0.07563445430678835,-0.44000374154090754
0.07575946993374172,-0.7030801333915067
0.07588448556069509,-0.5452833322370876
0.07600950118764846,-0.6612214626461126
0.07613451681460183,-0.6255003196954245
0.0762595324415552,-0.7763503694449861
0.07638454806850857,-0.6363971104545478
0.07650956369546194,-0.6183570735315852
0.07663457932241531,-0.7015160164185944
0.07675959494936868,-0.8540312386263708
0.07688461057632205,-0.7742484672518685
0.07700962620327541,-0.5602983409092323
0.07713464183022878,-0.6529343349194384
0.07725965745718215,-0.5323429905778202
0.07738467308413552,-0.6629483670070687
0.07750968871108889,-0.7353391940184488
0.07763470433804226,-0.7466266049797524
0.07775971996499563,-0.7415982881475897
0.077884735591949,-0.7455306587645
0.07800975121890237,-0.6378812235382755
0.07813476684585574,-0.7956432279871108
0.07825978247280911,-0.8747439827536758
0.07838479809976248,-0.7544976253471647
0.07850981372671584,-0.6533810415414876
0.07863482935366921,-0.29330493053768986
0.07875984498062258,-0.6097820997856458
0.07888486060757595,-0.42031758293260607
0.07900987623452932,-0.2826885949085424
0.07913489186148269,-0.30819098903355047
0.07925990748843606,-0.3176460523406224
0.07938492311538943,-0.23931316403165878
0.0795099387423428,-0.2565426678643287
0.07963495436929617,-0.039460869168289225
0.07975996999624954,-0.21213733237716625
0.07988498562320291,-0.14176837997159666
0.08001000125015628,0.0007324989802242746
0.08013501687710964,0.08589553855476664
0.08026003250406301,0.015651827345583295
0.08038504813101638,0.11268515068129523
0.08051006375796975,0.32200002050801346
0.08063507938492312,0.24065453271705375
0.08076009501187649,0.31654509909170936
0.08088511063882986,0.33391611825284373
0.08101012626578323,0.21746099825208906
0.0811351418927366,0.44354894033821374
0.08126015751968997,0.4187890767173918
0.08138517314664334,0.5260614104863125
0.08151018877359671,0.652073684764491
0.08163520440055007,0.6226258456742478
0.08176022002750344,0.6993591161329982
0.08188523565445681,0.7240560618927755
0.08201025128141018,0.5267658964282944
0.08213526690836355,0.5682994708802345
0.08226028253531692,0.6812552908261903
0.08238529816227029,0.7394096037856435
0.08251031378922366,0.848360821789793
0.08263532941617703,0.8439905432381394
0.0827603450431304,0.6830753639634507
0.08288536067008377,0.8033926105768678
0.08301037629703714,0.8647522429151174
0.0831353919239905,0.5509150966900463
0.08326040755094387,0.7486855608970394
0.08338542317789724,0.7587985135356152
0.08351043880485061,0.6831464189659592
0.08363545443180398,0.5487704766073267
0.08376047005875735,0.40003099835039146
0.08388548568571072,0.7099998036666048
0.08401050131266409,0.5298384609566852
0.08413551693961746,0.38222493548830583
0.08426053256657083,0.5190228726926887
0.0843855481935242,0.5255381260658752
0.08451056382047757,0.513813339931654
0.08463557944743093,0.49069115415294806
0.0847605950743843,0.5443361554440682
0.08488561070133767,0.38624055072476776
0.08501062632829104,0.4595242397456438
0.08513564195524441,0.4310112962975946
0.08526065758219778,0.3611269973477274
0.08538567320915115,0.294800265029691
0.08551068883610452,0.42717686867371124
0.08563570446305789,0.3179167319299461
0.08576072009001126,0.2875833965760028
0.08588573571696463,0.4296939276249123
0.086010751343918,0.24079933834018488
0.08613576697087136,0.2796482865331917
0.08626078259782473,0.3024971102102715
0.0863857982247781,0.19012351258013
0.08651081385173147,0.14654774157983094
0.08663582947868484,0.2861296569650246
0.08676084510563821,0.15686873483301303
0.08688586073259158,0.07742830097067051
0.08701087635954495,0.013083606800084484
0.08713589198649832,0.10724009909427719
0.08726090761345169,0.058205599869090685
0.08738592324040506,0.28913172024398
0.08751093886735843,0.2919028459988348
0.08763595449431179,0.17587222737930022
0.08776097012126516,0.2625554008854873
0.08788598574821853,0.06625224162934876
0.0880110013751719,0.2765034440644493
0.08813601700212527,0.2454509453544658
0.08826103262907864,0.1587764431030628
0.08838604825603201,0.19762487159656864
0.08851106388298538,0.13142145152236148
0.08863607950993875,0.08849887375328412
0.08876109513689212,0.18171354960400296
0.08888611076384549,0.20102118722693307
0.08901112639079886,0.07382169881845382
0.08913614201775223,0.13356575213903218
0.08926115764470559,-0.03988812518537898
0.08938617327165896,0.11282204753273203
0.08951118889861233,0.020768293293549667
0.0896362045255657,0.09143842479826725
0.08976122015251907,0.0789091720666209
0.08988623577947244,0.11689795677897694
0.09001125140642581,0.048083340500621775
0.09013626703337918,-0.007733081502376336
0.09026128266033255,-0.01954333984958686
0.09038629828728592,-0.013877219956886008
0.09051131391423929,-0.29276487603449747
0.09063632954119266,-0.13045089568373872
0.09076134516814602,-0.12244408131764922
0.09088636079509939,-0.05517027420032634
0.09101137642205276,-0.24457276823543334
0.09113639204900613,-0.08933389234066072
0.0912614076759595,-0.2365695029360035
0.09138642330291287,-0.2817684538333178
0.09151143892986624,-0.05027165769102153
0.09163645455681961,-0.17016635191280913
0.09176147018377298,-0.30750299608671483
0.09188648581072635,-0.27193854198527134
0.09201150143767972,-0.3219743537925541
0.09213651706463309,-0.17103704695195718
0.09226153269158645,-0.12377631782333444
0.09238654831853982,-0.2241430217778884
0.09251156394549319,-0.10268099331216682
0.09263657957244656,-0.16194070361769006
0.09276159519939993,-0.35247116802479045
0.0928866108263533,-0.24606269721739077
0.09301162645330667,-0.2004617393716227
0.09313664208026004,-0.08639843067469172
0.09326165770721341,-0.2673770352930808
0.09338667333416678,-0.21898867192004523
0.09351168896112015,-0.24047362555807772
0.09363670458807352,-0.3972965721939379
0.09376172021502688,-0.4041245651192246
0.09388673584198025,-0.22520192731907188
0.09401175146893362,-0.19871646715556818
0.09413676709588699,-0.45886311842615357
0.09426178272284036,-0.16982525393629552
0.09438679834979373,-0.34408559651746595
0.0945118139767471,-0.3288803220096417
0.09463682960370047,-0.2600758549008652
0.09476184523065384,-0.3128558193015338
0.09488686085760721,-0.4719583731933986
0.09501187648456058,-0.46492435129751974
0.09513689211151395,-0.42826104300518847
0.09526190773846731,-0.3306020049858041
0.09538692336542068,-0.415589453134303
0.09551193899237405,-0.4546786931980734
0.09563695461932742,-0.5004746249711866
0.09576197024628079,-0.5339663957631411
0.09588698587323416,-0.45687550555175516
0.09601200150018753,-0.5289090098619211
0.0961370171271409,-0.5487084720073523
0.09626203275409427,-0.6166070465535592
0.09638704838104764,-0.656197422468927
0.09651206400800101,-0.5369999467831446
0.09663707963495438,-0.6903818746148763
0.09676209526190775,-0.6083883377221889
0.09688711088886111,-0.7668325497024405
0.09701212651581448,-0.5165143780319702
0.09713714214276785,-0.6290261147024017
0.09726215776972122,-0.5490453388450868
0.09738717339667459,-0.6009155037717835
0.09751218902362796,-0.9213395105057599
0.09763720465058133,-0.5910814497978304
0.0977622202775347,-0.7805094443004829
0.09788723590448807,-0.652587554093594
0.09801225153144144,-0.7397166666909752
0.09813726715839481,-0.7110904861549697
0.09826228278534818,-0.7145416115329478
0.09838729841230154,-0.6674927468291046
0.09851231403925491,-0.5057941907817031
0.09863732966620828,-0.460226195982695
0.09876234529316165,-0.6224328394957753
0.09888736092011502,-0.30716959103451624
0.09901237654706839,-0.6426470831190068
0.09913739217402176,-0.28791291665240715
0.09926240780097513,-0.2693264119190875
0.0993874234279285,-0.3486829264770942
0.09951243905488187,-0.10921919871117311
0.09963745468183524,-0.2568178765156554
0.09976247030878861,-0.18040092811742162
0.09988748593574197,-0.04755811369937972
0.10001250156269534,-0.07439775938373434
0.10013751718964871,0.13119535843350644
0.10026253281660208,0.006205758839215781
0.10038754844355545,0.19761375692688204
0.10051256407050882,0.22996928166914057
0.10063757969746219,0.19200153063577596
0.10076259532441556,0.4432508844340274
0.10088761095136893,0.39196288784112177
0.1010126265783223,0.39570314114142724
0.10113764220527567,0.4215510960648055
0.10126265783222904,0.575592843116604
0.1013876734591824,0.7003762809221457
0.10151268908613577,0.7977094612760486
0.10163770471308914,0.5497977510681361
0.10176272034004251,0.7801138519073428
0.10188773596699588,0.5765202423161694
0.10201275159394925,0.6822734256098777
0.10213776722090262,0.5302414616275496
0.10226278284785599,0.5602297324031466
0.10238779847480936,0.762946618363062
0.10251281410176273,0.636814725611019
0.1026378297287161,0.9210548139539276
0.10276284535566947,0.7151447182025044
0.10288786098262283,0.7645722738318466
0.1030128766095762,0.8294442748302325
0.10313789223652957,0.5544358293658598
0.10326290786348294,0.794997797574616
0.10338792349043631,0.6006807680829677
0.10351293911738968,0.767201453818522
0.10363795474434305,0.6076571422450888
0.10376297037129642,0.6750652236532629
0.10388798599824979,0.492230271277999
0.10401300162520316,0.6475792235997903
0.10413801725215653,0.5578074547600369
0.1042630328791099,0.537588293099267
0.10438804850606327,0.603010209877797
0.10451306413301663,0.44349852201370293
0.10463807975997,0.382080675415842
0.10476309538692337,0.5970348659652068
0.10488811101387674,0.2679462064058327
0.10501312664083011,0.41353242922180994
0.10513814226778348,0.46658708627992407
0.10526315789473685,0.5249045976823566
0.10538817352169022,0.4968950441215323
0.10551318914864359,0.345529893600964
0.10563820477559696,0.26703641938138944
0.10576322040255033,0.08304734836239723
0.1058882360295037,0.03803034245729035
0.10601325165645706,0.298395106744852
0.10613826728341043,0.3277303664195967
0.1062632829103638,0.42789317089519635
0.10638829853731717,0.17092020846493594
0.10651331416427054,0.1384988262014458
0.10663832979122391,0.252386996144152
0.10676334541817728,0.15395506960623662
0.10688836104513065,0.25447953957717956
0.10701337667208402,0.39002194196660106
0.10713839229903739,0.34438873194605735
0.10726340792599076,0.28951845420575023
0.10738842355294413,0.3128172256005743
0.10751343917989749,0.22169443232164865
0.10763845480685086,0.20595684215753396
0.10776347043380423,0.22226494078079495
0.1078884860607576,0.16438807811562361
0.10801350168771097,0.10723988809675376
0.10813851731466434,0.24389491032769137
0.10826353294161771,0.14556967138534996
0.10838854856857108,0.16163790068012768
0.10851356419552445,0.22471614598816053
0.10863857982247782,0.2938685823325914
0.10876359544943119,0.09581245948359504
0.10888861107638456,0.08104345890272553
0.10901362670333792,0.05525718341378089
0.10913864233029129,0.20375054069769977
0.10926365795724466,0.07439265048732019
0.10938867358419803,0.027423644867889074
0.1095136892111514,0.14330707410414129
0.10963870483810477,0.11019562410104332
0.10976372046505814,0.09788442118863006
0.10988873609201151,0.0063341653409659405
0.11001375171896488,0.0922183188067189
0.11013876734591825,0.04416988761613784
0.11026378297287162,0.03846817399980886
0.11038879859982499,-0.05001045505359846
0.11051381422677835,-0.15189590421441326
0.11063882985373172,-0.011921407768596622
0.11076384548068509,-0.08648792709875215
0.11088886110763846,-0.10628082325607172
0.11101387673459183,0.032461880037857584
0.1111388923615452,-0.1594415795845666
0.11126390798849857,-0.16924157068018936
0.11138892361545194,-0.050243664700147725
0.11151393924240531,-0.16679486851607583
0.11163895486935868,-0.27059476585920494
0.11176397049631205,-0.1677245176660077
0.11188898612326542,-0.3036877338559806
0.11201400175021878,-0.3062787780436095
0.11213901737717215,-0.15409078088648936
0.11226403300412552,-0.33058638498307186
0.11238904863107889,-0.10166142821241621
0.11251406425803226,-0.2439037099977956
0.11263907988498563,0.013697430730082538
0.112764095511939,-0.25230107463159007
0.11288911113889237,-0.07156283132707661
0.11301412676584574,-0.146889620417123
0.11313914239279911,-0.30153640174418395
0.11326415801975248,-0.3350585888474073
0.11338917364670585,-0.05112379232872177
0.11351418927365922,-0.28380295564790436
0.11363920490061258,-0.0529254448208491
0.11376422052756595,-0.18300242452146268
0.11388923615451932,-0.2846414819893916
0.11401425178147269,-0.14789228387363593
0.11413926740842606,-0.31965216908925354
0.11426428303537943,-0.3305116873542856
0.1143892986623328,-0.2662478805380023
0.11451431428928617,-0.2639321777872314
0.11463932991623954,-0.3614284924640315
0.11476434554319291,-0.23972124394910105
0.11488936117014628,-0.34059656851856135
0.11501437679709965,-0.3986695146981152
0.11513939242405301,-0.4143511107665458
0.11526440805100638,-0.32735259328986066
0.11538942367795975,-0.4018833431257964
0.11551443930491312,-0.4626601530032458
0.11563945493186649,-0.6887783639712508
0.11576447055881986,-0.6943455292522386
0.11588948618577323,-0.45832332991221825
0.1160145018127266,-0.48693060535217225
0.11613951743967997,-0.6156574939421477
0.11626453306663334,-0.6132236314312233
0.11638954869358671,-0.4174049552801509
0.11651456432054008,-0.6371967868733394
0.11663957994749344,-0.41349432415008824
0.11676459557444681,-0.6144454776128643
0.11688961120140018,-0.722309066294109
0.11701462682835355,-0.818457270664914
0.11713964245530692,-0.6621872148494351
0.11726465808226029,-0.8068818311992372
0.11738967370921366,-0.5069274537683999
0.11751468933616703,-0.7928093390588447
0.1176397049631204,-0.7464359002043953
0.11776472059007377,-0.8067706434587331
0.11788973621702714,-0.6027973027737201
0.11801475184398051,-0.7481541112211514
0.11813976747093387,-0.7246755688414735
0.11826478309788724,-0.7014270751469277
0.11838979872484061,-0.47850395006121677
0.11851481435179398,-0.5991112253519176
0.11863982997874735,-0.6453385132378274
0.11876484560570072,-0.594688136714374
0.11888986123265409,-0.5330060619009346
0.11901487685960746,-0.2846184413973644
0.11913989248656083,-0.379532605554388
0.1192649081135142,-0.2970922311407189
0.11938992374046757,-0.20459184978773973
0.11951493936742094,-0.2287934774225606
0.1196399549943743,-0.1446707383111134
0.11976497062132767,0.050685594105871506
0.11988998624828104,-0.1759079348971729
0.12001500187523441,-0.08347450367308283
0.12014001750218778,0.1281211535126532
0.12026503312914115,0.3106169122678373
0.12039004875609452,0.241844352149577
0.12051506438304789,0.29746923434981526
0.12064008001000126,0.30949932181167833
0.12076509563695463,0.25967735603362074
0.120890111263908,0.3905231957895622
0.12101512689086137,0.30265391329234465
0.12114014251781474,0.59839380331788
0.1212651581447681,0.48791117214203844
0.12139017377172147,0.5971344817333227
0.12151518939867484,0.569173210062264
0.12164020502562821,0.40676986962664485
0.12176522065258158,0.7884211279609307
0.12189023627953495,0.7668818180882516
0.12201525190648832,0.6671120479199455
0.12214026753344169,0.6373282857377124
0.12226528316039506,0.660292310132175
0.12239029878734843,0.8192383996048541
0.1225153144143018,0.7534349793645269
0.12264033004125517,0.7428378083167583
0.12276534566820853,0.8226235031477563
0.1228903612951619,0.7872658978239572
0.12301537692211527,0.7289991500664882
0.12314039254906864,0.6815124342285577
0.12326540817602201,0.6122982023779162
0.12339042380297538,0.663099379602973
0.12351543942992875,0.7008360526815129
0.12364045505688212,0.7707901555935227
0.12376547068383549,0.6002084502049853
0.12389048631078886,0.7856297751159362
0.12401550193774223,0.5233684649746767
0.1241405175646956,0.5491677115529426
0.12426553319164896,0.5171047952222575
0.12439054881860233,0.5713456569288178
0.1245155644455557,0.6563388975831653
0.12464058007250907,0.4612338392354996
0.12476559569946244,0.3189996841755846
0.12489061132641581,0.30097602784060057
0.12501562695336918,0.3970360959486249
0.12514064258032254,0.36973164301159084
0.12526565820727592,0.22165964307122152
0.12539067383422928,0.3130126214329834
0.12551568946118266,0.4099619573637029
0.12564070508813602,0.22050348315391427
0.1257657207150894,0.3610994277403978
0.12589073634204276,0.2637304804168673
0.12601575196899614,0.25710738557975976
0.1261407675959495,0.21111215503434597
0.12626578322290288,0.36264188324781904
0.12639079884985624,0.10532649119553779
0.1265158144768096,0.30575068426245183
0.12664083010376298,0.24673657192686385
0.12676584573071634,0.3000447798905745
0.12689086135766972,0.36256587623039516
0.12701587698462308,0.38129007005725
0.12714089261157646,0.142329649240932
0.12726590823852982,0.19869392178483264
0.1273909238654832,0.18791699805783535
0.12751593949243656,0.20740877690469595
0.12764095511938994,0.2828484128936208
0.1277659707463433,0.010627313085349659
0.12789098637329668,0.1981695484088145
0.12801600200025004,0.32544353593108455
0.1281410176272034,0.05059677299823105
0.12826603325415678,0.023620812198271456
0.12839104888111014,0.2916185561349347
0.12851606450806352,0.07194946644616927
0.12864108013501688,0.1264040716325466
0.12876609576197026,0.1244096808795163
0.12889111138892362,0.15551963964059945
0.129016127015877,0.23648069929255866
0.12914114264283036,0.1304024036834031
0.12926615826978374,0.07340700572678852
0.1293911738967371,0.20976194705666615
0.12951618952369048,-0.04292692035987002
0.12964120515064384,0.0033957895524548507
0.1297662207775972,-0.15982083359447122
0.12989123640455058,-0.03455494839536043
0.13001625203150394,0.11020754129544837
0.13014126765845732,0.08483437927402608
0.13026628328541068,-0.08598451362995235
0.13039129891236406,-0.13587541088949665
0.13051631453931742,-0.0861396282710766
0.1306413301662708,-0.01820040180751377
0.13076634579322416,-0.008298254206417761
0.13089136142017754,-0.09657874696016197
0.1310163770471309,0.020311069294685145
0.13114139267408426,-0.22288854294250066
0.13126640830103764,-0.23447219664762015
0.131391423927991,-0.021931858635216357
0.13151643955494438,-0.030566252954356537
0.13164145518189774,-0.13303137972309795
0.13176647080885112,-0.22033425656480116
0.13189148643580448,-0.20014771340290677
0.13201650206275786,-0.1300033344069665
0.13214151768971122,-0.11384416001335346
0.1322665333166646,-0.2208321255537127
0.13239154894361796,-0.1400214684000528
0.13251656457057134,-0.14785511111663355
0.1326415801975247,-0.039832083507878265
0.13276659582447806,-0.348489544334409
0.13289161145143144,-0.0921182746699337
0.1330166270783848,-0.10504064972510202
0.13314164270533818,-0.20717372882460544
0.13326665833229154,-0.11890345050933179
0.13339167395924492,-0.17455628354064776
0.13351668958619828,-0.09176233687853373
0.13364170521315166,-0.19186776139929948
0.13376672084010502,-0.09838784709521718
0.1338917364670584,-0.32669036178595634
0.13401675209401176,-0.32552923457713895
0.13414176772096512,-0.31144319929302566
0.1342667833479185,-0.27801108022629667
0.13439179897487186,-0.35833159299619277
0.13451681460182524,-0.24394092840621462
0.1346418302287786,-0.11913841006705017
0.13476684585573198,-0.5516413911352035
0.13489186148268534,-0.17512845555787804
0.13501687710963872,-0.36909252981253793
0.13514189273659208,-0.4773768323205047
0.13526690836354546,-0.4515877953762164
0.13539192399049882,-0.45380062331030674
0.1355169396174522,-0.6529665822828231
0.13564195524440556,-0.6673666818736955
0.13576697087135892,-0.7177327652172821
0.1358919864983123,-0.6150214400929129
0.13601700212526566,-0.4940815413678302
0.13614201775221904,-0.4943222669312889
0.1362670333791724,-0.5497863227859143
0.13639204900612578,-0.5466289205237114
0.13651706463307914,-0.7029652473713566
0.13664208026003252,-0.5924201889695769
0.13676709588698588,-0.6505962935186198
0.13689211151393926,-0.6334987520305883
0.13701712714089262,-0.660338072835786
0.137142142767846,-0.6676799989105329
0.13726715839479936,-0.653947612423522
0.13739217402175272,-0.8487115650708632
0.1375171896487061,-0.75538133567587
0.13764220527565946,-0.5159366624548058
0.13776722090261284,-0.6596267092148644
0.1378922365295662,-0.7615723014012791
0.13801725215651958,-0.6853675659781061
0.13814226778347294,-0.5523319834606419
0.13826728341042632,-0.5931038887381166
0.13839229903737968,-0.6370404930339736
0.13851731466433306,-0.557904655480758
0.13864233029128642,-0.44013148177789074
0.13876734591823978,-0.5632277328052405
0.13889236154519316,-0.3874507136178427
0.13901737717214652,-0.5091351833045363
0.1391423927990999,-0.2577804726352499
0.13926740842605326,-0.33511235886035146
0.13939242405300664,-0.23598128550398847
0.13951743967996,-0.2184748028914624
0.13964245530691338,-0.09575199429280991
0.13976747093386674,-0.06809248801674424
0.13989248656082012,-0.06222946163287906
0.14001750218777348,0.05118014304687405
0.14014251781472686,0.09480904626662608
0.14026753344168022,0.07206648007431057
0.14039254906863358,0.26536253391796855
0.14051756469558696,0.2157900296606003
0.14064258032254032,0.24762307470931197
0.1407675959494937,0.11867273442827579
0.14089261157644706,0.4892462876918806
0.14101762720340044,0.504567599452006
0.1411426428303538,0.4065789574543132
0.14126765845730718,0.5535717408472508
0.14139267408426054,0.5339154572731959
0.14151768971121392,0.5088589616889134
0.14164270533816728,0.6793667637855528
0.14176772096512064,0.6027383253665471
0.14189273659207402,0.7057648692240461
0.14201775221902738,0.6228147948573044
0.14214276784598076,0.7995917950915757
0.14226778347293412,0.685379391102709
0.1423927990998875,0.8376438103978467
0.14251781472684086,0.7365910771126128
0.14264283035379424,0.6918719012261016
0.1427678459807476,0.6712551124625769
0.14289286160770098,0.4775139175459038
0.14301787723465434,0.712762715919604
0.14314289286160772,0.532007127569895
0.14326790848856108,0.8766448039109835
0.14339292411551444,0.786799780739756
0.14351793974246782,0.5132575031217067
0.14364295536942118,0.683186988622523
0.14376797099637456,0.6550460835290642
0.14389298662332792,0.3819684896223448
0.1440180022502813,0.6079116610390125
0.14414301787723466,0.5066784194807007
0.14426803350418804,0.5898017905141213
0.1443930491311414,0.4081889281567072
0.14451806475809478,0.5266857730515421
0.14464308038504814,0.3719126012110952
0.14476809601200152,0.4853076094724786
0.14489311163895488,0.3157082788057608
0.14501812726590824,0.33477862819621124
0.14514314289286162,0.374994111821332
0.14526815851981498,0.3545303173383
0.14539317414676836,0.2869384356123557
0.14551818977372172,0.1676696750433373
0.1456432054006751,0.3294373839618225
0.14576822102762846,0.33782411465979895
0.14589323665458184,0.10763455041343711
0.1460182522815352,0.31638452909333864
0.14614326790848858,0.30486773307050674
0.14626828353544194,0.13460681799001017
0.1463932991623953,0.34044375981782504
0.14651831478934868,0.19002849001241529
0.14664333041630204,0.10331366603485269
0.14676834604325542,0.28899882128061716
0.14689336167020878,0.15522878116052943
0.14701837729716216,0.1274710898794268
0.14714339292411552,0.09151429122800285
0.1472684085510689,0.3330780224309449
0.14739342417802226,0.10567595458667638
0.14751843980497564,0.0560949896638839
0.147643455431929,0.31146889165537056
0.14776847105888238,0.1507332561556032
0.14789348668583574,0.10244676673165909
0.1480185023127891,0.07574068511535564
0.14814351793974248,0.17025688335507883
0.14826853356669584,0.1883698312400797
0.14839354919364922,0.05614910810600136
0.14851856482060258,0.11181802564715321
0.14864358044755596,-0.033925717307860044
0.14876859607450932,0.16073876912635043
0.1488936117014627,0.10927158486723727
0.14901862732841606,0.09385428814089866
0.14914364295536944,0.10266232876912126
0.1492686585823228,0.0241126154748863
0.14939367420927616,-0.08197540691500549
0.14951868983622954,0.042244532838212875
0.1496437054631829,0.16585465874765365
0.14976872109013628,0.052871897619330824
0.14989373671708964,0.07905957268240396
0.15001875234404302,-0.036727488643823636
0.15014376797099638,0.1515341810494687
0.15026878359794976,-0.023388313487236627
0.15039379922490312,-0.06463118497953611
0.1505188148518565,0.07345618526932352
0.15064383047880986,0.008741575333726307
0.15076884610576324,-0.14280382386279944
0.1508938617327166,0.04202430333594042
0.15101887735966996,0.006695144710452642
0.15114389298662334,0.005671031103849808
0.1512689086135767,-0.1564553995448976
0.15139392424053008,-0.09910233286321363
0.15151893986748344,-0.22890179690800722
0.15164395549443682,-0.06383706334258632
0.15176897112139018,-0.15457618977538692
0.15189398674834356,-0.09643928922981668
0.15201900237529692,-0.29565635831833736
0.1521440180022503,-0.27741150218268523
0.15226903362920366,-0.04587321180926074
0.15239404925615704,0.004452735223768312
0.1525190648831104,-0.28611819993095056
0.15264408051006376,-0.12136536585435387
0.15276909613701714,-0.07334362104849614
0.1528941117639705,-0.263446677226623
0.15301912739092388,-0.19098722331751924
0.15314414301787724,-0.2502427341237806
0.15326915864483062,-0.07551881803939639
0.15339417427178398,-0.3790644915720952
0.15351918989873736,-0.24937680154938358
0.15364420552569072,-0.2852275639219043
0.1537692211526441,-0.30568262569498866
0.15389423677959746,-0.28652281584889305
0.15401925240655082,-0.2622580668596717
0.1541442680335042,-0.2823308888485159
0.15426928366045756,-0.38086458278962854
0.15439429928741094,-0.189902082124603
0.1545193149143643,-0.500836581345782
0.15464433054131768,-0.3337859717074801
0.15476934616827104,-0.34776632647064654
0.15489436179522442,-0.18868313743208415
0.15501937742217778,-0.278790620319342
0.15514439304913116,-0.26660798786554907
0.15526940867608452,-0.4561191641385475
0.1553944243030379,-0.4856985133742787
0.15551943992999126,-0.4470747904885596
0.15564445555694462,-0.7014308711124995
0.155769471183898,-0.518268876598814
0.15589448681085136,-0.7587616000002533
0.15601950243780474,-0.7134370817401761
0.1561445180647581,-0.508779168078052
0.15626953369171148,-0.7921530377328897
0.15639454931866484,-0.7158970589650357
0.15651956494561822,-0.6877460895787114
0.15664458057257158,-0.697697244953325
0.15676959619952496,-0.6358115415775238
0.15689461182647832,-0.7362209218373975
0.15701962745343168,-0.7496596935292696
0.15714464308038506,-0.633298487197475
0.15726965870733842,-0.7912722833554583
0.1573946743342918,-0.8643487871301723
0.15751968996124516,-0.7517306366430337
0.15764470558819854,-0.7127666310706463
0.1577697212151519,-0.7684248502427707
0.15789473684210528,-0.7269626678059573
0.15801975246905864,-0.6450514947983391
0.15814476809601202,-0.6797219974963634
0.15826978372296538,-0.7539207988033493
0.15839479934991876,-0.5724375830703414
0.15851981497687212,-0.6409299413815842
0.15864483060382548,-0.47765776079348304
0.15876984623077886,-0.4583820486736048
0.15889486185773222,-0.37528453804547385
0.1590198774846856,-0.42773407420697773
0.15914489311163896,-0.26199351834301476
0.15926990873859234,-0.29208395190206626
0.1593949243655457,-0.09664781691000403
0.15951993999249908,-0.282560389211908
0.15964495561945244,-0.21584480161579248
0.15976997124640582,0.07312558814494022
0.15989498687335918,-0.09303809300609625
0.16002000250031256,-0.12412307523550507
0.16014501812726592,0.04224186943786135
0.16027003375421928,0.31614391942649217
0.16039504938117266,0.3591559210463903
0.16052006500812602,0.16759033613233637
0.1606450806350794,0.3718730886560496
0.16077009626203276,0.30054126621580457
0.16089511188898614,0.442276659312685
0.1610201275159395,0.47188742412609475
0.16114514314289288,0.5169909885727476
0.16127015876984624,0.43679884928171653
0.16139517439679962,0.4861089834544447
0.16152019002375298,0.5108126320415047
0.16164520565070634,0.6061780393704931
0.16177022127765972,0.5276254982824219
0.16189523690461308,0.5921030201114403
0.16202025253156646,0.750881056514225
0.16214526815851982,0.5210673083428519
0.1622702837854732,0.7572572103129468
0.16239529941242656,0.744577610526589
0.16252031503937994,0.7449556814164687
0.1626453306663333,0.6000321726058451
0.16277034629328668,0.763281597455443
0.16289536192024004,0.7291482585928811
0.16302037754719342,0.8287099788377034
0.16314539317414678,0.715170165301799
0.16327040880110014,0.6429059592415868
0.16339542442805352,0.6462611334770424
0.16352044005500688,0.7207853884070864
0.16364545568196026,0.6393389699324609
0.16377047130891362,0.6165176921257438
0.163895486935867,0.46937698538712486
0.16402050256282036,0.5462596656113936
0.16414551818977374,0.41680559953494395
0.1642705338167271,0.5673997892614958
0.16439554944368048,0.5789820912974211
0.16452056507063384,0.4966766419362392
0.1646455806975872,0.48208747672885344
0.16477059632454058,0.20911167174149253
0.16489561195149394,0.486293898638618
0.16502062757844732,0.5067107034880789
0.16514564320540068,0.6065533135416551
0.16527065883235406,0.3407475503176107
0.16539567445930742,0.23041945250381465
0.1655206900862608,0.5232808663630227
0.16564570571321416,0.5478399871254939
0.16577072134016754,0.19550779546828256
0.1658957369671209,0.3351681883513934
0.16602075259407428,0.410304522623865
0.16614576822102764,0.32797074802949366
0.166270783847981,0.2029289039011864
0.16639579947493438,0.3844139539382151
0.16652081510188774,-0.004328817547131178
0.16664583072884112,0.11286715669981795
0.16677084635579448,0.25856274621253816
0.16689586198274786,0.3222887257607096
0.16702087760970122,0.19990954185917714
0.1671458932366546,0.21875959282590526
0.16727090886360796,0.21384038806055677
0.16739592449056134,0.1539593215557758
0.1675209401175147,0.3490379152333358
0.16764595574446806,0.36821692636485454
0.16777097137142144,0.22187815757715215
0.1678959869983748,0.13933943415438374
0.16802100262532818,0.027523398716051636
0.16814601825228154,0.26235273708228757
0.16827103387923492,0.27789810007081966
0.16839604950618828,0.2475308494533819
0.16852106513314166,0.09663649859888554
0.16864608076009502,0.06883367206662756
0.1687710963870484,0.0842547261332191
0.16889611201400176,0.3017726518213614
0.16902112764095514,0.03850566527557217
0.1691461432679085,0.06650252272457757
0.16927115889486186,0.07421772842735244
0.16939617452181524,0.09725553356297457
0.1695211901487686,-0.024298562335796428
0.16964620577572198,0.05387902628579934
0.16977122140267534,0.11391050248921138
0.16989623702962872,-0.07380613616460321
0.17002125265658208,0.11551455246225027
0.17014626828353546,-0.21342843144882867
0.17027128391048882,0.030856538997539103
0.1703962995374422,-0.09151448074540378
0.17052131516439556,-0.1574094323548703
0.17064633079134894,-0.24025655318885622
0.1707713464183023,-0.07598266456907392
0.17089636204525566,-0.2589422589669776
0.17102137767220904,-0.08744553214545318
0.1711463932991624,-0.14928989875976648
0.17127140892611578,-0.07598249284377562
0.17139642455306914,-0.040085978485955215
0.17152144018002252,-0.15918385585798495
0.17164645580697588,-0.34556666660892216
0.17177147143392926,-0.13303676110394036
0.17189648706088262,-0.22795647679293185
0.172021502687836,-0.2535908880098101
0.17214651831478936,-0.08919141301148513
0.17227153394174272,-0.2322568550765207
0.1723965495686961,-0.14966601938729363
0.17252156519564946,-0.25122733473590997
0.17264658082260284,-0.2425028391697332
0.1727715964495562,-0.13539973739518743
0.17289661207650958,-0.2136334793873022
0.17302162770346294,-0.3325387981728567
0.17314664333041632,-0.18563644980704713
0.17327165895736968,-0.33400523939046983
0.17339667458432306,-0.20560918182001528
0.17352169021127642,-0.2710791124590268
0.1736467058382298,-0.15599110566163196
0.17377172146518316,-0.21341844444372532
0.17389673709213652,-0.21696832008619218
0.1740217527190899,-0.30300370620007455
0.17414676834604326,-0.21764449383446405
0.17427178397299664,-0.30797569358859966
0.17439679959995,-0.40816245828699643
0.17452181522690338,-0.24641105045526435
0.17464683085385674,-0.3542209179238625
0.17477184648081012,-0.24128319082194627
0.17489686210776348,-0.3830247404199227
0.17502187773471686,-0.23099679220950836
0.17514689336167022,-0.5380747375973962
0.17527190898862358,-0.6844765643708353
0.17539692461557696,-0.35978894222399155
0.17552194024253032,-0.4751649724345365
0.1756469558694837,-0.5745199648665072
0.17577197149643706,-0.6341929860874866
0.17589698712339044,-0.46767602588337154
0.1760220027503438,-0.6813117473707145
0.17614701837729718,-0.5432468212194238
0.17627203400425054,-0.5173354743030225
0.17639704963120392,-0.6777225475836771
0.17652206525815728,-0.6966928031783727
0.17664708088511066,-0.6022677641465126
0.17677209651206402,-0.8781905735034324
0.17689711213901738,-0.6202452910312956
0.17702212776597076,-0.7063438817790043
0.17714714339292412,-0.6134281200298449
0.1772721590198775,-0.6741381887635015
0.17739717464683086,-0.5532843436455848
0.17752219027378424,-0.7529598257747319
0.1776472059007376,-0.7764811755378451
0.17777222152769098,-0.6215034751110915
0.17789723715464434,-0.7451812955975443
0.17802225278159772,-0.626700686779
0.17814726840855108,-0.6680938804104486
0.17827228403550446,-0.6044430400092151
0.17839729966245782,-0.5965078322357075
0.17852231528941118,-0.4782895686685875
0.17864733091636456,-0.5083179314215001
0.17877234654331792,-0.4957304538021352
0.1788973621702713,-0.6128252740258958
0.17902237779722466,-0.4370386740314597
0.17914739342417804,-0.495881602264131
0.1792724090511314,-0.3266631694704929
0.17939742467808478,-0.31056623362325164
0.17952244030503814,-0.24383615765682243
0.17964745593199152,-0.007168460568474042
0.17977247155894488,-0.19738136386566307
0.17989748718589824,-0.2549219588586697
0.18002250281285162,-0.16952570816263865
0.18014751843980498,-0.03559221607341388
0.18027253406675836,0.2665466213104039
0.18039754969371172,0.17222258447464395
0.1805225653206651,0.26014604499704147
0.18064758094761846,0.1856265351827125
0.18077259657457184,0.22046060820096341
0.1808976122015252,0.30029884345512226
0.18102262782847858,0.4732894066343358
0.18114764345543194,0.5560615717832397
0.18127265908238532,0.3790761687381601
0.18139767470933868,0.7206051724414104
0.18152269033629204,0.5574147254736381
0.18164770596324542,0.37720694075397854
0.18177272159019878,0.5837702352383891
0.18189773721715216,0.8551965442787298
0.18202275284410552,0.5356555747204901
0.1821477684710589,0.6819277029359478
0.18227278409801226,0.646163874367315
0.18239779972496564,0.6416204736607328
0.182522815351919,0.6304246982460425
0.18264783097887238,0.7864893931172204
0.18277284660582574,0.6435651672743254
0.1828978622327791,0.6605379695552879
0.18302287785973248,0.783694424197933
0.18314789348668584,0.5312187379753175
0.18327290911363922,0.7006914615197495
0.18339792474059258,0.6753039117980553
0.18352294036754596,0.6646667005259276
0.18364795599449932,0.4222105369216526
0.1837729716214527,0.5958031271260685
0.18389798724840606,0.59539085303005
0.18402300287535944,0.7027655696368307
0.1841480185023128,0.6708923570346809
0.18427303412926618,0.5994126257045048
0.18439804975621954,0.46996858936850294
0.1845230653831729,0.5525344427319232
0.18464808101012628,0.47040377537543115
0.18477309663707964,0.3395837176216732
0.18489811226403302,0.4629517026820847
0.18502312789098638,0.5528376942080462
0.18514814351793976,0.3011107211906276
0.18527315914489312,0.20892597625753803
0.1853981747718465,0.3184964984334056
0.18552319039879986,0.2174852694559382
0.18564820602575324,0.4497903292703873
0.1857732216527066,0.2543485213101874
0.18589823727965998,0.333258133113992
0.18602325290661334,0.2065087266611875
0.1861482685335667,0.22663569391315552
0.18627328416052008,0.17710655420373766
0.18639829978747344,0.17286152508152136
0.18652331541442682,0.1497085116209868
0.18664833104138018,0.3100616100501053
0.18677334666833356,0.23245062167928326
0.18689836229528692,0.20632118768339894
0.1870233779222403,0.14706281976816496
0.18714839354919366,0.40701514740343725
0.18727340917614704,0.2277376943569746
0.1873984248031004,0.13012126019289985
0.18752344043005376,0.12621827850468048
0.18764845605700714,0.21643429276146106
0.1877734716839605,0.048746815309011655
0.18789848731091388,0.23136369958347086
0.18802350293786724,0.2352643345316007
0.18814851856482062,0.11223957748522309
0.18827353419177398,0.09890392582260342
0.18839854981872736,-0.046331005662137124
0.18852356544568072,0.08601864132203048
0.1886485810726341,0.11248580023991105
0.18877359669958746,0.15097484991205343
0.18889861232654084,0.2379221154890115
0.1890236279534942,0.09106910862719889
0.18914864358044756,0.1237267586870585
0.18927365920740094,0.2235090823157183
0.1893986748343543,-0.04844896133539325
0.18952369046130768,0.044602568064888215
0.18964870608826104,0.004511656725858929
0.18977372171521442,0.05198575739481004
0.18989873734216778,-0.038615618588091885
0.19002375296912116,0.015181620911431668
0.19014876859607452,0.09475610909448418
0.1902737842230279,-0.25195341121537873
0.19039879984998126,-0.0300046158079932
0.19052381547693462,-0.043367941510446206
0.190648831103888,-0.12093272772800881
0.19077384673084136,-0.22723378741281727
0.19089886235779474,-0.23181079906254962
0.1910238779847481,-0.0534749082104628
0.19114889361170148,-0.08945462251557079
0.19127390923865484,-0.041291009743205466
0.19139892486560822,-0.09077748026721125
0.19152394049256158,-0.20958709610197596
0.19164895611951496,-0.2578491012928524
0.19177397174646832,-0.13203648487827452
0.1918989873734217,-0.24686516868011313
0.19202400300037506,-0.29483841764381546
0.19214901862732842,-0.14884971676073505
0.1922740342542818,-0.23955512988080804
0.19239904988123516,-0.13800311228588377
0.19252406550818854,-0.2006057013488728
0.1926490811351419,-0.3575921960876448
0.19277409676209528,-0.13304654345683364
0.19289911238904864,-0.33841616175657513
0.19302412801600202,-0.09651433800993922
0.19314914364295538,-0.26762543351425033
0.19327415926990876,-0.22801081731656891
0.19339917489686212,-0.2744442827892061
0.1935241905238155,-0.2666525198298625
0.19364920615076886,-0.2377097986167366
0.19377422177772222,-0.22006304660329387
0.1938992374046756,-0.29031358875936636
0.19402425303162896,-0.20304291944506647
0.19414926865858234,-0.24479598959968127
0.1942742842855357,-0.300136133721298
0.19439929991248908,-0.28070859199196185
0.19452431553944244,-0.2562421547218702
0.19464933116639582,-0.460729844036266
0.19477434679334918,-0.2914443688727442
0.19489936242030256,-0.3331536665452147
0.19502437804725592,-0.3335862166180569
0.19514939367420928,-0.3722305774407974
0.19527440930116266,-0.267354386271125
0.19539942492811602,-0.2871188716108393
0.1955244405550694,-0.5933183941921312
0.19564945618202276,-0.5644817657198385
0.19577447180897614,-0.46772349313628137
0.1958994874359295,-0.6748242808367223
0.19602450306288288,-0.5753029572566537
0.19614951868983624,-0.4818260301310899
0.19627453431678962,-0.5388688649395457
0.19639954994374298,-0.4046846842708539
0.19652456557069636,-0.6854128784183544
0.19664958119764972,-0.6393926394914522
0.19677459682460308,-0.6459966582651121
0.19689961245155646,-0.6533418818892694
0.19702462807850982,-0.7192585785218417
0.1971496437054632,-0.8968334071628034
0.19727465933241656,-0.7226621846204955
0.19739967495936994,-0.8000488173484014
0.1975246905863233,-0.7157451075032825
0.19764970621327668,-0.6728850041391825
0.19777472184023004,-0.7176052077124841
0.19789973746718342,-0.5629559836602658
0.19802475309413678,-0.548530269127001
0.19814976872109014,-0.6983288925312002
0.19827478434804352,-0.5906752305905677
0.19839979997499688,-0.4844560095462709
0.19852481560195026,-0.4979662093875391
0.19864983122890362,-0.6684392560385584
0.198774846855857,-0.4290374968185704
0.19889986248281036,-0.5628840055124237
0.19902487810976374,-0.44752523895434143
0.1991498937367171,-0.26457509526536716
0.19927490936367048,-0.2126681616113993
0.19939992499062384,-0.34060466272958373
0.19952494061757722,-0.2777778395064097
0.19964995624453058,-0.18041304301347028
0.19977497187148394,-0.0438395483302789
0.19989998749843732,-0.05880430193569459
0.20002500312539068,0.08234778643464981
0.20015001875234406,0.005129542823506816
0.20027503437929742,0.20474535801206376
0.2004000500062508,0.10811152401571472
0.20052506563320416,0.22370053596592382
0.20065008126015754,0.38424874358357125
0.2007750968871109,0.27339238304704194
0.20090011251406428,0.37294169795755533
0.20102512814101764,0.5101270853284439
0.20115014376797102,0.43083751075725524
0.20127515939492438,0.6577845182339597
0.20140017502187774,0.67621102835328
0.20152519064883112,0.48958138358265746
0.20165020627578448,0.6639145536509498
0.20177522190273786,0.8139959878885412
0.20190023752969122,0.7876481752013889
0.2020252531566446,0.805294622900375
0.20215026878359796,0.7788461670150029
0.20227528441055134,0.493935989424338
0.2024003000375047,0.8466728006316995
0.20252531566445808,0.7169394321019356
0.20265033129141144,0.7133924393912664
0.2027753469183648,0.7162062516152027
0.20290036254531818,0.8080379641479513
0.20302537817227154,0.682380033502041
0.20315039379922492,0.685214644039898
0.20327540942617828,0.653962396893827
0.20340042505313166,0.8397556700552647
0.20352544068008502,0.6488600211650336
0.2036504563070384,0.7611108844796427
0.20377547193399176,0.8105886852609516
0.20390048756094514,0.560525176482046
0.2040255031878985,0.36272668238536043
0.20415051881485188,0.38879116579722234
0.20427553444180524,0.614955853171653
0.2044005500687586,0.483678892947148
0.20452556569571198,0.5635433151507111
0.20465058132266534,0.4281159826752156
0.20477559694961872,0.39982959219131303
0.20490061257657208,0.5347126607978653
0.20502562820352546,0.41299556996845516
0.20515064383047882,0.3661012477032392
0.2052756594574322,0.1820771730933101
0.20540067508438556,0.18891486067886945
0.20552569071133894,0.29384041948868916
0.2056507063382923,0.39199411056023825
0.20577572196524566,0.1783203987942189
0.20590073759219904,0.29887563567445424
0.2060257532191524,0.27273554288181434
0.20615076884610578,0.24587597657457605
0.20627578447305914,0.3897437608180952
0.20640080010001252,0.21510018384225493
0.20652581572696588,0.26864343427290205
0.20665083135391926,0.18066908398833817
0.20677584698087262,0.30399956742919165
0.206900862607826,0.29316707250044716
0.20702587823477936,0.15322013331763878
0.20715089386173274,0.3471539803578726
0.2072759094886861,0.07386189781847072
0.20740092511563946,0.19079189394027377
0.20752594074259284,0.14530264329055684
0.2076509563695462,0.17740338446144932
0.20777597199649958,0.2765420495102104
0.20790098762345294,0.19410030614036416
0.20802600325040632,0.1298145304609315
0.20815101887735968,0.27004781622390667
0.20827603450431306,0.20784577597074638
0.20840105013126642,-0.09642128571012598
0.2085260657582198,0.16135100201095456
0.20865108138517316,0.09291158277428498
0.20877609701212654,0.13411881545639293
0.2089011126390799,0.278243244036389
0.20902612826603326,-0.02501171543582087
0.20915114389298664,0.06991064068164692
0.20927615951994,0.14963623928721217
0.20940117514689338,-0.0229305580033342
0.20952619077384674,0.12780024931907744
0.20965120640080012,-0.10439178790804347
0.20977622202775348,-0.11059443399911058
0.20990123765470686,-0.20806390878132094
0.21002625328166022,0.045170763203521945
0.2101512689086136,0.07211784570863618
0.21027628453556696,-0.022308889429388506
0.21040130016252032,-0.25110133267663964
0.2105263157894737,-0.18020689796364608
0.21065133141642706,0.01899021244369469
0.21077634704338044,-0.12999070156510592
0.2109013626703338,0.04512614036251029
0.21102637829728718,-0.05549639079962022
0.21115139392424054,-0.17593737327752831
0.21127640955119392,-0.051383771985802074
0.21140142517814728,0.013968582621287239
0.21152644080510066,-0.15044531161973534
0.21165145643205402,-0.14132814583245765
0.2117764720590074,-0.17772957163454267
0.21190148768596076,-0.15736494116969016
0.21202650331291412,-0.055605266096782534
0.2121515189398675,-0.13202701155711577
0.21227653456682086,-0.2708349335080585
0.21240155019377424,-0.08162812941974525
0.2125265658207276,-0.2651359413055112
0.21265158144768098,-0.045825014379643134
0.21277659707463434,-0.14878330234717846
0.21290161270158772,-0.15966540038262678
0.21302662832854108,-0.1848145774725715
0.21315164395549446,-0.2864314645890737
0.21327665958244782,-0.21474814538636758
0.21340167520940118,-0.1715726329461374
0.21352669083635456,-0.23573098061614406
0.21365170646330792,-0.12101034652483711
0.2137767220902613,-0.2853080533220543
0.21390173771721466,-0.29517144243207866
0.21402675334416804,-0.41014478855381936
0.2141517689711214,-0.39737104472583706
0.21427678459807478,-0.20904397177160564
0.21440180022502814,-0.29822494182612114
0.21452681585198152,-0.31180538597078056
0.21465183147893488,-0.37995881889797156
0.21477684710588826,-0.3559139562506093
0.21490186273284162,-0.25265175818342417
0.21502687835979498,-0.537413035428036
0.21515189398674836,-0.4623058729901324
0.21527690961370172,-0.5419440082095337
0.2154019252406551,-0.2845124547881259
0.21552694086760846,-0.3957122676285698
0.21565195649456184,-0.45599399896805076
0.2157769721215152,-0.5377461228878772
0.21590198774846858,-0.7122002143655508
0.21602700337542194,-0.5907628494276106
0.21615201900237532,-0.4999513150696347
0.21627703462932868,-0.6266701500147572
0.21640205025628206,-0.7059777435901183
0.21652706588323542,-0.7423592687214944
0.21665208151018878,-0.6396347869808174
0.21677709713714216,-0.5632813826421866
0.21690211276409552,-0.6009918966995614
0.2170271283910489,-0.6977913079915419
0.21715214401800226,-0.595413661324673
0.21727715964495564,-0.6815799514746621
0.217402175271909,-0.8109909115501571
0.21752719089886238,-0.6591183686766054
0.21765220652581574,-0.6567260310029212
0.21777722215276912,-0.6577060092612296
0.21790223777972248,-0.7719233221545749
0.21802725340667584,-0.6163225356534753
0.21815226903362922,-0.7699379374929347
0.21827728466058258,-0.587088328365325
0.21840230028753596,-0.5427582996217958
0.21852731591448932,-0.5745227837029563
0.2186523315414427,-0.4473387828913202
0.21877734716839606,-0.6457166752317396
0.21890236279534944,-0.5638773111960913
0.2190273784223028,-0.35497226479022237
0.21915239404925618,-0.4244576288439656
0.21927740967620954,-0.32172842444233446
0.21940242530316292,-0.29794085311538665
0.21952744093011628,-0.18393581545969276
0.21965245655706964,-0.1581087896425197
0.21977747218402302,-0.17601601555911414
0.21990248781097638,0.006554032534927246
0.22002750343792976,0.008676380787654873
0.22015251906488312,0.27992624004603256
0.2202775346918365,0.12418986478014327
0.22040255031878986,0.14358653027579416
0.22052756594574324,0.48760784881833924
0.2206525815726966,0.41235820891647956
0.22077759719964998,0.4164147971447646
0.22090261282660334,0.39385699586088274
0.2210276284535567,0.43359299828288045
0.22115264408051008,0.524103558976782
0.22127765970746344,0.6630893355812696
0.22140267533441682,0.4784957117940288
0.22152769096137018,0.7202303487956112
0.22165270658832356,0.49582896231532686
0.22177772221527692,0.6978925570603713
0.2219027378422303,0.6342142370308262
0.22202775346918366,0.7381911778641385
0.22215276909613704,0.6637150453110153
0.2222777847230904,0.724686476538323
0.22240280035004378,0.7920327851070241
0.22252781597699714,0.6406731031977643
0.2226528316039505,0.6497027773583435
0.22277784723090388,0.6752009087181802
0.22290286285785724,0.6670011629953605
0.22302787848481062,0.5825778114580303
0.22315289411176398,0.8084112660386298
0.22327790973871736,0.48790676119576926
0.22340292536567072,0.8048255503472282
0.2235279409926241,0.5208488662940515
0.22365295661957746,0.5425530271931023
0.22377797224653084,0.567925879763903
0.2239029878734842,0.6645399727307928
0.22402800350043756,0.5054307910066121
0.22415301912739094,0.6392227553227181
0.2242780347543443,0.5212856081031806
0.22440305038129768,0.4565703859860596
0.22452806600825104,0.4823707797954267
0.22465308163520442,0.37066276685231453
0.22477809726215778,0.4508933522461734
0.22490311288911116,0.4897709950543467
0.22502812851606452,0.3521797492244763
0.2251531441430179,0.27996392476144666
0.22527815976997126,0.5097975888242038
0.22540317539692464,0.2331129603105118
0.225528191023878,0.29405699455632434
0.22565320665083136,0.42568583793398374
0.22577822227778474,0.29227157187957875
0.2259032379047381,0.3520939838410002
0.22602825353169148,0.20916163353426734
0.22615326915864484,0.1398672443994481
0.22627828478559822,0.17016667234271562
0.22640330041255158,0.2585571059169804
0.22652831603950496,0.32213769875910025
0.22665333166645832,0.15293423226958214
0.2267783472934117,0.023228279655762074
0.22690336292036506,0.10366436319074454
0.22702837854731844,0.2692408477795892
0.2271533941742718,-0.013971267761656955
0.22727840980122516,0.2143099892854539
0.22740342542817854,0.3494753464611292
0.2275284410551319,0.32352119051904527
0.22765345668208528,0.36211626402230096
0.22777847230903864,0.21046453550169872
0.22790348793599202,-0.06313120494078778
0.22802850356294538,0.31225494421534417
0.22815351918989876,0.06957080468324688
0.22827853481685212,0.16531768386524162
0.2284035504438055,0.18112238027880562
0.22852856607075886,0.30428419720646077
0.22865358169771222,0.22660371690131764
0.2287785973246656,0.26802900087762355
0.22890361295161896,0.19984833102257177
0.22902862857857234,0.0032607069590846155
0.2291536442055257,0.10262482191798074
0.22927865983247908,0.17399974815660102
0.22940367545943244,-0.0029088106907624914
0.22952869108638582,-0.005385130888578618
0.22965370671333918,0.22072250270148638
0.22977872234029256,-0.0007896818966773287
0.22990373796724592,0.008524642492441089
0.2300287535941993,0.13163471116475603
0.23015376922115266,-0.04720497864989551
0.23027878484810602,-0.04201841463471539
0.2304038004750594,0.05720379338376647
0.23052881610201276,-0.08013146666381249
0.23065383172896614,-0.07475054133017534
0.2307788473559195,0.030491547995028134
0.23090386298287288,-0.05380267842204882
0.23102887860982624,-0.1897229515208237
0.23115389423677962,0.19704985141139142
0.23127890986373298,-0.14335628327393313
0.23140392549068636,-0.08628749803874175
0.23152894111763972,-0.10021232735661238
0.23165395674459308,-0.2223415280535806
0.23177897237154646,-0.08108939659588021
0.23190398799849982,-0.13116956539620092
0.2320290036254532,-0.047743996100686456
0.23215401925240656,-0.1350067964978493
0.23227903487935994,-0.16792327666689072
0.2324040505063133,-0.21333741469877693
0.23252906613326668,-0.22984592620513283
0.23265408176022004,-0.1410360045781114
0.23277909738717342,-0.24638902176243785
0.23290411301412678,-0.09733718224240416
0.23302912864108016,-0.2966183167442801
0.23315414426803352,-0.3157189483592364
0.23327915989498688,-0.18943049167969972
0.23340417552194026,-0.06930040424366106
0.23352919114889362,-0.07277949332858197
0.233654206775847,-0.3629216364814657
0.23377922240280036,-0.23789029248189553
0.23390423802975374,-0.08896364903135531
0.2340292536567071,-0.26430806006395663
0.23415426928366048,-0.22497337330312678
0.23427928491061384,-0.2127896751609315
0.23440430053756722,-0.2773804044196808
0.23452931616452058,-0.3439345818046768
0.23465433179147396,-0.23734644530972523
0.23477934741842732,-0.4643323586928559
0.23490436304538068,-0.5757060389056855
0.23502937867233406,-0.5272574412359072
0.23515439429928742,-0.444387684401426
0.2352794099262408,-0.4190883416103791
0.23540442555319416,-0.36388156648711195
0.23552944118014754,-0.4373001453389905
0.2356544568071009,-0.7510057529038109
0.23577947243405428,-0.4598320587351966
0.23590448806100764,-0.584788260201517
0.23602950368796102,-0.3991486872941062
0.23615451931491438,-0.5714373295919288
0.23627953494186774,-0.5648264603079923
0.23640455056882112,-0.5034984996163634
0.23652956619577448,-0.7090298609723178
0.23665458182272786,-0.5963874903955322
0.23677959744968122,-0.7135124386520368
0.2369046130766346,-0.6532166785786685
0.23702962870358796,-0.5473081015239162
0.23715464433054134,-0.762709955551195
0.2372796599574947,-0.6857234626193517
0.23740467558444808,-0.7665694175002654
0.23752969121140144,-0.7418900471607158
0.23765470683835482,-0.842345924604924
0.23777972246530818,-0.9231982051485792
0.23790473809226154,-0.7618203085494705
0.23802975371921492,-0.6982147007333689
0.23815476934616828,-0.7194732239059956
0.23827978497312166,-0.43519665638877364
0.23840480060007502,-0.6903954092536339
0.2385298162270284,-0.5570756593221687
0.23865483185398176,-0.48656804828474737
0.23877984748093514,-0.5698491253043563
0.2389048631078885,-0.5273830349924356
0.23902987873484188,-0.4418094830999659
0.23915489436179524,-0.30923045335121113
0.2392799099887486,-0.37876822990250897
0.23940492561570198,-0.3215414938765363
0.23952994124265534,-0.20743930253639414
0.23965495686960872,-0.1566381544422801
0.23977997249656208,-0.15612513931502645
0.23990498812351546,0.0057279200035655385
0.24003000375046882,0.09925424416121681
0.2401550193774222,0.15836270275001058
0.24028003500437556,0.1320133850978832
0.24040505063132894,0.039169209432579365
0.2405300662582823,0.5158910871913706
0.24065508188523568,0.373146583368191
0.24078009751218904,0.2378377614302638
0.2409051131391424,0.46616011223536424
0.24103012876609578,0.32947034063830355
0.24115514439304914,0.34510906096177396
0.24128016002000252,0.5589781833652816
0.24140517564695588,0.5424582530448272
0.24153019127390926,0.6084118432744702
0.24165520690086262,0.6034204144276214
0.241780222527816,0.5184487667868674
0.24190523815476936,0.5720037332127769
0.24203025378172274,0.6847836652868227
0.2421552694086761,0.6263583578572202
0.24228028503562948,0.6574131437601505
0.24240530066258284,0.9084113120199507
0.2425303162895362,0.5251241632156588
0.24265533191648958,0.7794680549487442
0.24278034754344294,0.8168685004604582
0.24290536317039632,0.6657748639828163
0.24303037879734968,0.740748047687419
0.24315539442430306,0.7020509581311662
0.24328041005125642,0.8262630151354929
0.2434054256782098,0.6619977551263095
0.24353044130516316,0.5856530537049357
0.24365545693211654,0.521692372031401
0.2437804725590699,0.6124871299230191
0.24390548818602326,0.38926135104478243
0.24403050381297664,0.528146028451562
0.24415551943993,0.5356353949146032
0.24428053506688338,0.5717663027555292
0.24440555069383674,0.53600421485679
0.24453056632079012,0.481935873563362
0.24465558194774348,0.3800340047557162
0.24478059757469686,0.2312114399532858
0.24490561320165022,0.5395938528101197
0.2450306288286036,0.25444512547270953
0.24515564445555696,0.4914024154942192
0.24528066008251034,0.5218195738382283
0.2454056757094637,0.22825573656398815
0.24553069133641706,0.2187840926586432
0.24565570696337044,0.3907945858796107
0.2457807225903238,0.10350586020551276
0.24590573821727718,0.21629176102761544
0.24603075384423054,0.16691487732384994
0.24615576947118392,0.1725309670064028
0.24628078509813728,0.2325647774130515
0.24640580072509066,0.37832107857068514
0.24653081635204402,0.27569812581309244
0.2466558319789974,0.2430197835871477
0.24678084760595076,0.2253582548526126
0.24690586323290412,0.15914445624290516
0.2470308788598575,0.20313827177753235
0.24715589448681086,0.32419762932185203
0.24728091011376424,0.2533121377352987
0.2474059257407176,0.12349815159858646
0.24753094136767098,0.15919532667894565
0.24765595699462434,0.14891625824023413
0.24778097262157772,0.41211282218266754
0.24790598824853108,0.19896894179510566
0.24803100387548446,0.2017479711930598
0.24815601950243782,0.2563887304859094
0.2482810351293912,-0.06137196824178462
0.24840605075634456,-0.03555776796907372
0.24853106638329792,0.3221353179027772
0.2486560820102513,0.06418407618536032
0.24878109763720466,0.16390264276721617
0.24890611326415804,0.07330069831055064
0.2490311288911114,0.06913196983988242
0.24915614451806478,0.03748736739375956
0.24928116014501814,0.14709661119775994
0.24940617577197152,0.08968861195512491
0.24953119139892488,0.04271902530986571
0.24965620702587826,0.1626082175620783
0.24978122265283162,0.07317901021158829
0.249906238279785,0.010009106566917374
0.25003125390673836,0.0005468328252276016
0.25015626953369174,-0.1158300247263985
0.2502812851606451,0.07310104791878369
0.25040630078759846,-0.1251879986472429
0.25053131641455184,-0.027132610581700637
0.2506563320415052,-0.06652338239905836
0.25078134766845855,-0.07057062658114821
0.25090636329541194,-0.11865026205583984
0.2510313789223653,-0.204090995425595
0.2511563945493187,-0.022099310702618453
0.25128141017627204,-0.13290007629446718
0.2514064258032254,-0.3435636832485758
0.2515314414301788,-0.3188033354603836
0.25165645705713213,-0.16943422078482717
0.2517814726840855,-0.09886353236465602
0.2519064883110389,-0.3579825640519284
0.2520315039379923,0.008316534358797145
0.2521565195649456,-0.07244766039678481
0.252281535191899,-0.3505625739138606
0.2524065508188524,-0.015014420613310361
0.25253156644580577,-0.11862697608681369
0.2526565820727591,-0.1769489830481035
0.2527815976997125,-0.30777179222628137
0.25290661332666586,-0.21113628921096403
0.2530316289536192,-0.17329507611800288
0.2531566445805726,-0.04149149723149654
0.25328166020752596,-0.31775779982025637
0.25340667583447934,-0.14937009566927373
0.2535316914614327,-0.30830394472607786
0.25365670708838606,-0.12903198112062267
0.25378172271533944,-0.4135203865145313
0.2539067383422928,-0.14547963350205884
0.25403175396924615,-0.07462546942639538
0.25415676959619954,-0.49158557807134834
0.2542817852231529,-0.3827727461483973
0.2544068008501063,-0.32405915053307927
0.25453181647705964,-0.37460026836726196
0.254656832104013,-0.4247633887895571
0.2547818477309664,-0.41206891962196385
0.25490686335791973,-0.4005118501982883
0.2550318789848731,-0.32503543613109437
0.2551568946118265,-0.4577622056162169
0.2552819102387799,-0.4170528202370279
0.2554069258657332,-0.3231001735323455
0.2555319414926866,-0.5436814758678675
0.25565695711964,-0.38914346301864006
0.25578197274659337,-0.5427635238980544
0.2559069883735467,-0.38873320511046655
0.2560320040005001,-0.566308033207838
0.25615701962745346,-0.6854191217523506
0.2562820352544068,-0.4137526085475696
0.2564070508813602,-0.4908204343013048
0.25653206650831356,-0.7424570097019731
0.25665708213526695,-0.5221774631390885
0.2567820977622203,-0.6617481150233021
0.25690711338917366,-0.8191750486159035
0.25703212901612704,-0.6324052335443207
0.2571571446430804,-0.734062945218168
0.25728216027003376,-0.7458071606763538
0.25740717589698714,-0.6940901470129529
0.2575321915239405,-0.7597134936595298
0.25765720715089385,-0.7179257173969451
0.25778222277784724,-0.6486806712509823
0.2579072384048006,-0.844909188026629
0.258032254031754,-0.7991399793976071
0.25815726965870733,-0.6429079173233031
0.2582822852856607,-0.6590911475504309
0.2584073009126141,-0.5281557283814213
0.2585323165395675,-0.6520668703150805
0.2586573321665208,-0.5898678793622527
0.2587823477934742,-0.5040853284471526
0.2589073634204276,-0.42872402133585175
0.25903237904738097,-0.3684301482077575
0.2591573946743343,-0.3897493044092986
0.2592824103012877,-0.3563835694849106
0.25940742592824106,-0.2756438402728798
0.2595324415551944,-0.17930781884190933
0.2596574571821478,-0.16562379079272568
0.25978247280910116,-0.09232907277451959
0.25990748843605455,0.01847392890566817
0.2600325040630079,0.1465193080885316
0.26015751968996126,0.005594541868702494
0.26028253531691464,0.20170236903818728
0.260407550943868,-0.01839578652964358
0.26053256657082136,0.30067948806905054
0.26065758219777474,0.1662294565714042
0.2607825978247281,0.3414759148874524
0.26090761345168145,0.32185608726847303
0.26103262907863484,0.3969915149448369
0.2611576447055882,0.5429682486082961
0.2612826603325416,0.43155366057652317
0.26140767595949493,0.527971657414068
0.2615326915864483,0.6117634853163906
0.2616577072134017,0.6901212578954464
0.2617827228403551,0.6016977585794684
0.2619077384673084,0.7111820030410342
0.2620327540942618,0.6375168029739301
0.2621577697212152,0.8421542342259446
0.2622827853481685,0.7496757947071006
0.2624078009751219,0.6391341412297146
0.2625328166020753,0.6907785445438881
0.26265783222902866,0.6842766186144035
0.262782847855982,0.7325484517991525
0.2629078634829354,0.8395371308717604
0.26303287910988876,0.5118568446678081
0.26315789473684215,0.7274989030293986
0.2632829103637955,0.8129413597346704
0.26340792599074886,0.8451791285433607
0.26353294161770224,0.7462742103008114
0.26365795724465557,0.5446014864630123
0.26378297287160896,0.574215452008499
0.26390798849856234,0.6536478327074412
0.2640330041255157,0.5950492575361369
0.26415801975246905,0.7095892834525982
0.26428303537942244,0.4291861977848081
0.2644080510063758,0.42657683975459265
0.2645330666333292,0.5226998873388424
0.26465808226028253,0.3608643220483596
0.2647830978872359,0.5541383896221812
0.2649081135141893,0.27907068733841395
0.2650331291411427,0.6162525632480392
0.265158144768096,0.32870471352544933
0.2652831603950494,0.34283155305092444
0.2654081760220028,0.46175396775511957
0.2655331916489561,0.3970117521387377
0.2656582072759095,0.20606650414575942
0.2657832229028629,0.07021052554161404
0.26590823852981627,0.4044311349489927
0.2660332541567696,0.3775116681393905
0.266158269783723,0.1556433750780568
0.26628328541067636,0.11573309515660536
0.26640830103762975,0.36584504012336794
0.2665333166645831,0.36511438793079387
0.26665833229153646,0.028375990822392123
0.26678334791848984,0.19335141714784523
0.2669083635454432,0.20353957148279214
0.26703337917239656,0.279552452680596
0.26715839479934994,0.07472283761309675
0.2672834104263033,0.3357102507303652
0.26740842605325665,0.156546111608833
0.26753344168021004,0.10964678636058922
0.2676584573071634,0.3053755919536291
0.2677834729341168,0.07645457060976484
0.26790848856107013,0.09653342768837049
0.2680335041880235,0.27053056576576257
0.2681585198149769,0.17944660401452625
0.26828353544193023,0.3356933253561514
0.2684085510688836,0.16329962071138732
0.268533566695837,0.1840921213485231
0.2686585823227904,-0.03174662943693263
0.2687835979497437,0.09609367381685868
0.2689086135766971,0.3494375493760122
0.2690336292036505,0.1907135567122858
0.26915864483060387,0.11850724962925516
0.2692836604575572,0.039967160541554546
0.2694086760845106,0.15383061151579355
0.26953369171146396,-0.08189589653209176
0.26965870733841735,-0.0328999599321739
0.2697837229653707,-0.004387497198653547
0.26990873859232406,-0.06449827548901661
0.27003375421927744,-0.08254447420101677
0.2701587698462308,0.006294434122612866
0.27028378547318416,-0.016433653514133558
0.27040880110013754,-0.053777580695339104
0.2705338167270909,0.0998848945422276
0.27065883235404425,-0.10396699377121699
0.27078384798099764,-0.2638742785219855
0.270908863607951,-0.1772988359897141
0.2710338792349044,-0.06655170941028714
0.27115889486185774,-0.2225792937506068
0.2712839104888111,-0.07829603159223703
0.2714089261157645,-0.047885695656884095
0.27153394174271783,-0.08526569045415894
0.2716589573696712,-0.2672460276931381
0.2717839729966246,-0.15964844562239633
0.271908988623578,-0.2160511448745916
0.2720340042505313,-0.31580906484515947
0.2721590198774847,-0.13498883850293159
0.2722840355044381,-0.09132900027292469
0.27240905113139147,-0.13548985362050558
0.2725340667583448,-0.3127076311333455
0.2726590823852982,-0.22659751939377215
0.27278409801225156,-0.13987308576807628
0.2729091136392049,-0.3756124603934193
0.2730341292661583,-0.05681080274292456
0.27315914489311166,-0.17787028496966323
0.27328416052006504,-0.20465528586149398
0.2734091761470184,-0.32074675426687765
0.27353419177397176,-0.14105694690291484
0.27365920740092514,-0.1428444289786879
0.2737842230278785,-0.33613869146156383
0.27390923865483185,-0.2655676416549502
0.27403425428178524,-0.2938289698792569
0.2741592699087386,-0.2476886050069452
0.274284285535692,-0.2627577327459834
0.27440930116264534,-0.26155400158547154
0.2745343167895987,-0.31023954417867056
0.2746593324165521,-0.3167396385473319
0.27478434804350543,-0.4424936119392706
0.2749093636704588,-0.4190285939267387
0.2750343792974122,-0.4197795024856491
0.2751593949243656,-0.5737192814068942
0.2752844105513189,-0.4855386078863083
0.2754094261782723,-0.41044204290841774
0.2755344418052257,-0.6819086040900184
0.27565945743217907,-0.48443500493148767
0.2757844730591324,-0.4676085280286477
0.2759094886860858,-0.49621942038358446
0.27603450431303916,-0.5891545075360779
0.2761595199399925,-0.7126533317944875
0.2762845355669459,-0.4655774462631636
0.27640955119389926,-0.75968914517251
0.27653456682085265,-0.6706588952482753
0.276659582447806,-0.7971735176827757
0.27678459807475936,-0.7648438015655473
0.27690961370171274,-0.8079419275668941
0.2770346293286661,-0.7648781948517719
0.27715964495561946,-0.7924480585731145
0.27728466058257284,-0.647016339112405
0.2774096762095262,-0.5787220852288733
0.27753469183647955,-0.6194335788096725
0.27765970746343294,-0.9305283466096427
0.2777847230903863,-0.6730732593164778
0.2779097387173397,-0.6977456869023758
0.27803475434429303,-0.5890528599745827
0.2781597699712464,-0.5236566008126406
0.2782847855981998,-0.6174433432112557
0.2784098012251532,-0.4699018653135858
0.2785348168521065,-0.6136870909741279
0.2786598324790599,-0.6489777818274911
0.2787848481060133,-0.47064016503998013
0.2789098637329666,-0.3141605782364751
0.27903487935992,-0.446453909811872
0.2791598949868734,-0.4671394015333821
0.27928491061382676,-0.24046741647701958
0.2794099262407801,-0.33864338809016087
0.2795349418677335,-0.24644380224616041
0.27965995749468686,-0.05876467352607227
0.27978497312164025,-0.07681509489346691
0.2799099887485936,-0.025857531073700767
0.28003500437554696,0.05062876678076287
0.28016002000250034,-0.06328791558558536
0.2802850356294537,0.01899163639123472
0.28041005125640706,-0.10134392424786996
0.28053506688336044,0.15420918880157264
0.2806600825103138,0.31752857088790315
0.28078509813726715,0.35050606438320486
0.28091011376422054,0.32064911864057083
0.2810351293911739,0.35659933934767496
0.2811601450181273,0.34568900376417955
0.28128516064508063,0.6107351255447352
0.281410176272034,0.5232351039354078
0.2815351918989874,0.5647257458083697
0.2816602075259408,0.5879363720839781
0.2817852231528941,0.5456692260750922
0.2819102387798475,0.7001273625141982
0.2820352544068009,0.5776039533289076
0.2821602700337542,0.6126237406104371
0.2822852856607076,0.709798392166094
0.282410301287661,0.7736411254137865
0.28253531691461437,0.8784717096301167
0.2826603325415677,0.7163147437583685
0.2827853481685211,0.7922896995432348
0.28291036379547446,0.6021942728132613
0.28303537942242785,0.5891766716951771
0.2831603950493812,0.6702826516385505
0.28328541067633456,0.4868677539329197
0.28341042630328794,0.606774525615995
0.28353544193024127,0.5893450831949995
0.28366045755719466,0.6680265734162801
0.28378547318414804,0.7097061715081959
0.2839104888111014,0.5083889642232281
0.28403550443805475,0.46320672729962276
0.28416052006500814,0.4481523118418021
0.2842855356919615,0.6303082362770438
0.2844105513189149,0.4747376283972759
0.28453556694586823,0.5155387280398785
0.2846605825728216,0.47919812811553436
0.284785598199775,0.3804097503206406
0.2849106138267284,0.29268767108066734
0.2850356294536817,0.32052258051652377
0.2851606450806351,0.25122675393342847
0.2852856607075885,0.2780816637738902
0.2854106763345418,0.2188364434636167
0.2855356919614952,0.256190305282868
0.2856607075884486,0.4238750651134174
0.28578572321540197,0.28805684154467376
0.2859107388423553,0.21791589339922274
0.2860357544693087,0.2751732519650895
0.28616077009626206,0.24211197700745613
0.28628578572321545,0.044079833916295205
0.2864108013501688,0.15441341736281436
0.28653581697712216,0.21537011144973733
0.28666083260407554,0.29300178390295867
0.2867858482310289,0.20614611650543077
0.28691086385798226,0.15737336956387216
0.28703587948493564,0.0553636825296344
0.287160895111889,0.2838207774850277
0.28728591073884235,0.20922601615385067
0.28741092636579574,0.27985914411860946
0.2875359419927491,0.3198122390692247
0.2876609576197025,-0.035183823842718155
0.28778597324665584,0.46716807879153677
0.2879109888736092,0.2224836495887229
0.2880360045005626,0.1502947300309913
0.28816102012751593,0.31327601792674203
0.2882860357544693,0.2752845955203226
0.2884110513814227,0.19366042164579336
0.2885360670083761,0.030809369109378693
0.2886610826353294,0.2146945638498558
0.2887860982622828,-0.027291307720624526
0.2889111138892362,0.23056105860687193
0.28903612951618957,0.043499169875441925
0.2891611451431429,0.09075775367809626
0.2892861607700963,0.2144465030463922
0.28941117639704966,0.07109102920557876
0.28953619202400305,0.03509079306765843
0.2896612076509564,0.13599357111513266
0.28978622327790976,0.11989229010696228
0.28991123890486314,0.06118373243557855
0.2900362545318165,-0.09004280813088614
0.29016127015876986,0.021926662260892623
0.29028628578572324,0.024026043365378405
0.2904113014126766,-0.12270671483623535
0.29053631703962995,-0.04074691888422475
0.29066133266658334,0.022301498318109195
0.2907863482935367,-0.21196588511404138
0.2909113639204901,0.09620219799780447
0.29103637954744344,-0.14326534553355474
0.2911613951743968,-0.23119358338351426
0.2912864108013502,-0.19198241668913082
0.29141142642830353,-0.05055049392279167
0.2915364420552569,-0.21962509342103034
0.2916614576822103,-0.26934173543800427
0.2917864733091637,-0.3385671592598341
0.291911488936117,-0.20212236527081
0.2920365045630704,-0.15774062154427299
0.2921615201900238,-0.31504038291849135
0.29228653581697717,-0.35173029542884887
0.2924115514439305,-0.119696853784991
0.2925365670708839,-0.13086739450595183
0.29266158269783726,-0.16120732792296455
0.2927865983247906,-0.3003281390080381
0.292911613951744,-0.21908824029270932
0.29303662957869736,-0.15899267522437072
0.29316164520565074,-0.33150191297647014
0.2932866608326041,-0.24668835858972882
0.29341167645955746,-0.26104786530090474
0.29353669208651084,-0.16962921826059107
0.2936617077134642,-0.19263552296319136
0.29378672334041755,-0.23975873244497797
0.29391173896737094,-0.3879030434321384
0.2940367545943243,-0.3268702452244841
0.29416177022127765,-0.23967345801881618
0.29428678584823104,-0.3636294185093701
0.2944118014751844,-0.27989722014122487
0.2945368171021378,-0.3482381746693878
0.29466183272909113,-0.4115505582101206
0.2947868483560445,-0.4893728821476089
0.2949118639829979,-0.33421526719009315
0.2950368796099513,-0.4555481511264242
0.2951618952369046,-0.4971118371169367
0.295286910863858,-0.35813415716360486
0.2954119264908114,-0.43120722093470165
0.29553694211776477,-0.44959521781981415
0.2956619577447181,-0.5339167920182525
0.2957869733716715,-0.5592700547157958
0.29591198899862486,-0.5424259392173831
0.2960370046255782,-0.6026095541050129
0.2961620202525316,-0.572682854983563
0.29628703587948496,-0.5703128055427923
0.29641205150643835,-0.5993890235144756
0.2965370671333917,-0.6718597236455865
0.29666208276034506,-0.7124120362653003
0.29678709838729844,-0.6121122411584378
0.2969121140142518,-0.9004003169312115
0.29703712964120516,-0.7261659465051669
0.29716214526815854,-0.8188236317659159
0.2972871608951119,-0.7323190329041952
0.29741217652206525,-0.7269635028810233
0.29753719214901864,-0.8014026778443362
0.297662207775972,-0.8276220665406431
0.2977872234029254,-0.7328550297387103
0.29791223902987873,-0.7790868892786539
0.2980372546568321,-0.6756612522297476
0.2981622702837855,-0.6904994959544414
0.2982872859107389,-0.5969990147564843
0.2984123015376922,-0.74720725289841
0.2985373171646456,-0.6075198153545663
0.298662332791599,-0.5761255681201772
0.2987873484185523,-0.40875691071114745
0.2989123640455057,-0.4917824901062297
0.2990373796724591,-0.279905359227604
0.29916239529941246,-0.2616986887042823
0.2992874109263658,-0.1018834378788039
0.2994124265533192,-0.10603699453879574
0.29953744218027256,-0.24183150245899038
0.29966245780722595,-0.18775674114998162
0.2997874734341793,-0.1007390452624551
0.29991248906113266,-0.108587853744474
0.30003750468808604,0.0007676821892130956
0.3001625203150394,0.20428429863712638
0.30028753594199276,0.21136301265771312
0.30041255156894614,0.19068191942903384
0.3005375671958995,0.3454338768779051
0.30066258282285285,0.19248954322818415
0.30078759844980624,0.39649494282381686
0.3009126140767596,0.5318570729961131
0.301037629703713,0.37401866530334926
0.30116264533066633,0.5796576857115318
0.3012876609576197,0.4716989975552711
0.3014126765845731,0.4125094229836048
0.3015376922115265,0.7122611656006071
0.3016627078384798,0.6821863671874355
0.3017877234654332,0.8800045942315765
0.3019127390923866,0.6229512232559681
0.3020377547193399,0.6645150464956828
0.3021627703462933,0.8686857028117582
0.3022877859732467,0.6978524291712191
0.30241280160020007,0.7737926460650336
0.3025378172271534,0.8394369594888191
0.3026628328541068,0.6942082334662424
0.30278784848106016,0.5976878816908637
0.30291286410801355,0.7550143044747504
0.3030378797349669,0.8419821688672011
0.30316289536192026,0.7268792340492476
0.30328791098887364,0.694207456279894
0.30341292661582697,0.5324205096259775
0.30353794224278036,0.6461625076244824
0.30366295786973374,0.7719521181609945
0.3037879734966871,0.6564564077851281
0.30391298912364045,0.571002209819762
0.30403800475059384,0.4696167818553825
0.3041630203775472,0.44599662222838304
0.3042880360045006,0.4871700068006151
0.30441305163145393,0.5297097275360989
0.3045380672584073,0.40973914046803217
0.3046630828853607,0.50068492547191
0.3047880985123141,0.35908703142183324
0.3049131141392674,0.4960861694770026
0.3050381297662208,0.3848592350094642
0.3051631453931742,0.39201912776420306
0.3052881610201275,0.31713883707957524
0.3054131766470809,0.3508006062549875
0.3055381922740343,0.26445835207027935
0.30566320790098767,0.24499909029705333
0.305788223527941,0.3015224363138774
0.3059132391548944,0.2094645105367189
0.30603825478184776,0.2427698595844086
0.30616327040880115,0.2755279563496005
0.3062882860357545,0.21934536954696185
0.30641330166270786,0.12710320222155566
0.30653831728966124,0.24474632832120377
0.3066633329166146,0.09857740555472311
0.30678834854356796,0.26545865764831306
0.30691336417052134,0.2833736829191463
0.3070383797974747,0.24711556954444489
0.30716339542442805,0.2754982919121958
0.30728841105138144,0.39881041186920924
0.3074134266783348,0.1349263052547842
0.3075384423052882,0.30874941748138285
0.30766345793224154,0.39603835138998167
0.3077884735591949,0.3494607746955373
0.3079134891861483,0.31033557829288194
0.30803850481310163,0.13856665027673934
0.308163520440055,0.15470119463836923
0.3082885360670084,0.12014917761781878
0.3084135516939618,0.26323926931860064
0.3085385673209151,0.14984475416186696
0.3086635829478685,0.10114773076653216
0.3087885985748219,0.0781321957490178
0.30891361420177527,0.043513932776984746
0.3090386298287286,0.15342518839826869
0.309163645455682,0.006281975482934493
0.30928866108263536,-0.008130064815960663
0.3094136767095887,0.1352581531106055
0.3095386923365421,-0.019245327209053326
0.30966370796349546,0.002604693502878423
0.30978872359044884,0.06589053240645004
0.3099137392174022,-0.06761987484372455
0.31003875484435556,0.17252129863129595
0.31016377047130894,0.005422719794938563
0.3102887860982623,-0.1664639158475223
0.31041380172521565,-0.05713341487464125
0.31053881735216904,-0.16778180865774248
0.3106638329791224,-0.11310062103607371
0.3107888486060758,-0.14057897496565683
0.31091386423302914,0.04845333714296846
0.3110388798599825,-0.21921951132338197
0.3111638954869359,-0.2668228231727578
0.31128891111388923,-0.047547760111561053
0.3114139267408426,-0.2370100573932009
0.311538942367796,-0.3018422404859614
0.3116639579947494,-0.07634545836605022
0.3117889736217027,-0.07718504261505836
0.3119139892486561,-0.2348938145923746
0.3120390048756095,-0.2834811045753103
0.31216402050256287,-0.2840955664104613
0.3122890361295162,-0.06897445111374335
0.3124140517564696,-0.20019516016518393
0.31253906738342296,-0.36999703339437406
0.3126640830103763,-0.19518081682286356
0.3127890986373297,-0.292459024209204
0.31291411426428306,-0.15994663703954912
0.31303912989123645,-0.11891784616374611
0.3131641455181898,-0.34280389523183513
0.31328916114514316,-0.13234387365363928
0.31341417677209654,-0.27270714192534057
0.3135391923990499,-0.12243796002632394
0.31366420802600326,-0.10034177998912244
0.31378922365295664,-0.3195359677757655
0.31391423927991,-0.16245831898189514
0.31403925490686335,-0.19568144709143218
0.31416427053381674,-0.3471025074895705
0.3142892861607701,-0.18169685416337597
0.3144143017877235,-0.30039870416888503
0.31453931741467683,-0.2516376268415181
0.3146643330416302,-0.3739694638434758
0.3147893486685836,-0.5334866385241914
0.314914364295537,-0.42083326748494915
0.3150393799224903,-0.37306692107222295
0.3151643955494437,-0.38173018468163344
0.3152894111763971,-0.3043139234397497
0.31541442680335047,-0.6809670176225099
0.3155394424303038,-0.5237443015267774
0.3156644580572572,-0.5180571592813518
0.31578947368421056,-0.34163406747096736
0.3159144893111639,-0.48994396520582456
0.3160395049381173,-0.6281968012670227
0.31616452056507066,-0.65892662011462
0.31628953619202405,-0.658810523981852
0.3164145518189774,-0.7491517739768407
0.31653956744593076,-0.7538761572112237
0.31666458307288414,-0.6803052580558975
0.3167895986998375,-0.6791293942204392
0.31691461432679086,-0.6720409291307394
0.31703962995374424,-0.7278793856968135
0.3171646455806976,-0.6409078949331072
0.31728966120765095,-0.7743203365885606
0.31741467683460434,-0.5892011091995973
0.3175396924615577,-0.6714540318803348
0.3176647080885111,-0.7387764081705861
0.31778972371546443,-0.6972314192350749
0.3179147393424178,-0.7463553846190968
0.3180397549693712,-0.6103992773810925
0.3181647705963246,-0.6156808060664037
0.3182897862232779,-0.5967107762328354
0.3184148018502313,-0.6994315116169865
0.3185398174771847,-0.5188644109622144
0.318664833104138,-0.500183576360073
0.3187898487310914,-0.6601850829018265
0.3189148643580448,-0.32659143861177053
0.31903987998499816,-0.5216851129091423
0.3191648956119515,-0.3816187771990474
0.3192899112389049,-0.2585019545781187
0.31941492686585826,-0.28637259197034215
0.31953994249281165,-0.27977087094032427
0.319664958119765,-0.3549268620124642
0.31978997374671836,-0.11337194667774207
0.31991498937367174,0.056876177520064956
0.3200400050006251,0.18168007410680512
0.32016502062757846,-0.04255374982686683
0.32029003625453184,0.16086360958306384
0.3204150518814852,0.16684349036374643
0.32054006750843855,0.322157248732045
0.32066508313539194,0.27805976477690103
0.3207900987623453,0.42701544089150845
0.3209151143892987,0.43409959150249866
0.32104013001625203,0.3931239321461839
0.3211651456432054,0.500256944535763
0.3212901612701588,0.6287030159770968
0.3214151768971122,0.5979414777261354
0.3215401925240655,0.6688068447310062
0.3216652081510189,0.5303314425615319
0.3217902237779723,0.6839175422159395
0.3219152394049256,0.7294602207831993
0.322040255031879,0.7440351715214442
0.3221652706588324,0.7722252963542732
0.32229028628578577,0.5723515236931784
0.3224153019127391,0.6780485251522733
0.3225403175396925,0.7697542780576148
0.32266533316664586,0.6725759834342395
0.32279034879359925,0.8323408376370449
0.3229153644205526,0.5761622796398659
0.32304038004750596,0.6190830175269957
0.32316539567445934,0.6816991376779515
0.3232904113014127,0.7365122715106687
0.32341542692836606,0.5015932198157836
0.32354044255531944,0.6048356565610598
0.3236654581822728,0.6124997526253053
0.32379047380922615,0.5507951466537883
0.32391548943617954,0.4410082067295194
0.3240405050631329,0.5641318750598895
0.3241655206900863,0.5868760479651346
0.32429053631703963,0.5357482414839286
0.324415551943993,0.6385172602096286
0.3245405675709464,0.4156276041855988
0.32466558319789973,0.4497009982386003
0.3247905988248531,0.4162885654465328
0.3249156144518065,0.3272196154865064
0.3250406300787599,0.43551119876143857
0.3251656457057132,0.40950162768313647
0.3252906613326666,0.15974088824284058
0.32541567695962,0.39466568172022176
0.32554069258657337,0.3009201713519235
0.3256657082135267,0.3812443847385323
0.3257907238404801,0.29630943401927845
0.32591573946743346,0.2558136558643038
0.32604075509438685,0.26011140767105606
0.3261657707213402,0.21693271008195783
0.32629078634829356,0.39882447699371715
0.32641580197524694,0.10030027208550714
0.3265408176022003,0.33626683346316855
0.32666583322915366,0.16106681789526414
0.32679084885610704,0.12692421417315117
0.3269158644830604,0.02035895303365111
0.32704088011001375,0.2914787069577882
0.32716589573696714,0.2236857539828988
0.3272909113639205,0.33302024888479187
0.3274159269908739,0.30171865369793743
0.32754094261782724,0.18700855973181046
0.3276659582447806,0.18974129112492655
0.327790973871734,0.25471896102592184
0.32791598949868733,0.10711095101983127
0.3280410051256407,0.1052319915054222
0.3281660207525941,0.11457820334014035
0.3282910363795475,0.25378635379434394
0.3284160520065008,0.12471355157094648
0.3285410676334542,0.1323504145061889
0.3286660832604076,0.10508565816241301
0.32879109888736097,0.20930282539823114
0.3289161145143143,0.21990491030594847
0.3290411301412677,0.057485951757956386
0.32916614576822106,0.019891117645143865
0.3292911613951744,-0.012735008440880201
0.3294161770221278,-0.09442359891491449
0.32954119264908116,0.21786144468812238
0.32966620827603454,0.14979693504388508
0.3297912239029879,0.041048576649537344
0.32991623952994126,0.043886458498261234
0.33004125515689464,0.0032051394238316417
0.330166270783848,-0.005512298346337712
0.33029128641080135,-0.09004691432602847
0.33041630203775474,-0.09512460733798749
0.3305413176647081,0.1536043026916068
0.3306663332916615,-0.2653082564434692
0.33079134891861484,-0.09254882295509001
0.3309163645455682,0.055344209884368945
0.3310413801725216,-0.023086397621357765
0.33116639579947493,-0.2739833501370526
0.3312914114264283,-0.17080882044105142
0.3314164270533817,-0.06898724719816292
0.3315414426803351,-0.21643348102370344
0.3316664583072884,-0.08210029610888314
0.3317914739342418,-0.26266259394029545
0.3319164895611952,-0.3506810606376865
0.33204150518814857,-0.2816767283870764
0.3321665208151019,-0.0879481280993489
0.3322915364420553,-0.05898598124941277
0.33241655206900866,-0.2694310121383718
0.332541567695962,-0.1596223826507172
0.3326665833229154,-0.2352193236056965
0.33279159894986876,-0.32668020877270687
0.33291661457682215,-0.09457526128297447
0.3330416302037755,-0.17259340693950845
0.33316664583072886,-0.10546723178531996
0.33329166145768224,-0.1330692928128459
0.3334166770846356,-0.27706658628365494
0.33354169271158896,-0.31942660211325075
0.33366670833854234,-0.29020467804435346
0.3337917239654957,-0.3355112657325134
0.33391673959244905,-0.21722323209687508
0.33404175521940244,-0.40251843210897725
0.3341667708463558,-0.19327902924200943
0.3342917864733092,-0.3380152461580028
0.33441680210026253,-0.42090706258892396
0.3345418177272159,-0.41247476780789005
0.3346668333541693,-0.32427848463380576
0.3347918489811227,-0.42460669270094664
0.334916864608076,-0.4815343938349665
0.3350418802350294,-0.37650851573780375
0.3351668958619828,-0.3500551798691726
0.3352919114889361,-0.4408921663379726
0.3354169271158895,-0.5238249857671776
0.3355419427428429,-0.3902540324308398
0.33566695836979626,-0.5295249133149001
0.3357919739967496,-0.6086061966388243
0.335916989623703,-0.6020305446166362
0.33604200525065636,-0.555495029748351
0.33616702087760975,-0.5771478977389005
0.3362920365045631,-0.5275040960636278
0.33641705213151646,-0.6951759873923244
0.33654206775846984,-0.7813704495035995
0.3366670833854232,-0.5833919204956631
0.33679209901237656,-0.68298286386153
0.33691711463932994,-0.62584079446031
0.3370421302662833,-0.7836980982220673
0.33716714589323665,-0.711265308361636
0.33729216152019004,-0.8438434893314977
0.3374171771471434,-0.7647922797125315
0.3375421927740968,-0.5703084881412602
0.33766720840105013,-0.7536678410860463
0.3377922240280035,-0.7257528727564757
0.3379172396549569,-0.6637610336113687
0.3380422552819103,-0.8853969378231161
0.3381672709088636,-0.7297644496954393
0.338292286535817,-0.48411107842311557
0.3384173021627704,-0.6446592531707906
0.3385423177897237,-0.4343468582230063
0.3386673334166771,-0.49803509672992174
0.3387923490436305,-0.49542670779417664
0.33891736467058386,-0.5912169774152797
0.3390423802975372,-0.36419648524914455
0.3391673959244906,-0.3596430039714912
0.33929241155144396,-0.26834577075634836
0.33941742717839735,-0.4487850133191519
0.3395424428053507,-0.2189943843958134
0.33966745843230406,-0.08972635227098122
0.33979247405925744,-0.24022766633347922
0.33991748968621077,-0.09490694598091429
0.34004250531316416,-0.060088342205995994
0.34016752094011754,0.10151683060710874
0.3402925365670709,0.13445634925547423
0.34041755219402425,0.28153947869046303
0.34054256782097764,0.08572103724924514
0.340667583447931,0.3319647882140094
0.3407925990748844,0.34567245710987565
0.34091761470183773,0.22959288143656956
0.3410426303287911,0.6025827780799996
0.3411676459557445,0.44842259609865787
0.3412926615826979,0.6604302733216242
0.3414176772096512,0.6640548036218319
0.3415426928366046,0.5324570882633947
0.341667708463558,0.6390651540130485
0.3417927240905113,0.6607892161346041
0.3419177397174647,0.5905121079075432
0.3420427553444181,0.7225883376913874
0.34216777097137147,0.7569612885003019
0.3422927865983248,0.7606069169679227
0.3424178022252782,0.8922511249556149
0.34254281785223156,0.619671286377182
0.34266783347918495,0.70222669620822
0.3427928491061383,0.694945303741296
0.34291786473309166,0.7733147778926149
0.34304288036004504,0.7323820349068454
0.3431678959869984,0.627216362906776
0.34329291161395176,0.6558128763524974
0.34341792724090514,0.5647524371271576
0.3435429428678585,0.5083640978785351
0.34366795849481185,0.6189469351929882
0.34379297412176524,0.6287071344269135
0.3439179897487186,0.5864489490405543
0.344043005375672,0.5810985925051398
0.34416802100262534,0.7170333506893257
0.3442930366295787,0.5629191733801551
0.3444180522565321,0.6992656625614624
0.34454306788348543,0.35893130196653045
0.3446680835104388,0.45273582381076133
0.3447930991373922,0.4288387565838936
0.3449181147643456,0.3963521301298583
0.3450431303912989,0.34746748430856883
0.3451681460182523,0.19324570919359998
0.3452931616452057,0.24259231729359426
0.34541817727215907,0.3068633254415706
0.3455431928991124,0.3096639532782384
0.3456682085260658,0.3469398751431066
0.34579322415301916,0.3134589159270318
0.34591823977997255,0.16800011120478817
0.3460432554069259,0.07918349128871627
0.34616827103387926,0.4743935047033059
0.34629328666083264,0.2607737628006707
0.346418302287786,0.04125424365997788
0.34654331791473936,0.3085637465252014
0.34666833354169274,0.09691085170438915
0.3467933491686461,0.12531218160393456
0.34691836479559945,0.1821117302768856
0.34704338042255284,0.19367299379924288
0.3471683960495062,0.2150094135457335
0.3472934116764596,0.31739282943499514
0.34741842730341294,0.1453476052684487
0.3475434429303663,0.2551412944750907
0.3476684585573197,0.011589143930934576
0.34779347418427303,0.3060926476927537
0.3479184898112264,0.08116435701759818
0.3480435054381798,0.07858336172307866
0.3481685210651332,-0.0716917483014758
0.3482935366920865,0.1765641117074547
0.3484185523190399,0.26395075042092253
0.3485435679459933,0.1374843742518882
0.34866858357294667,0.1072616973354903
0.3487935991999,0.23891604632541885
0.3489186148268534,0.16042390135058057
0.34904363045380676,0.24844165112405575
0.3491686460807601,0.12245595399224235
0.3492936617077135,0.22993866478399685
0.34941867733466686,0.05614237524071038
0.34954369296162024,0.08727519544647754
0.3496687085885736,0.017211528843227332
0.34979372421552696,-0.00144030523002208
0.34991873984248034,-0.12259701713307385
0.3500437554694337,0.16016189428026603
0.35016877109638705,-0.05039052924990851
0.35029378672334044,0.04100095561969101
0.3504188023502938,-0.08953028705950877
0.35054381797724715,-0.1090251036762315
0.35066883360420054,-0.0797851934545646
0.3507938492311539,-0.2079221888191373
0.3509188648581073,-0.04970637038363364
0.35104388048506063,0.01793564548234431
0.351168896112014,-0.005953184486935332
0.3512939117389674,-0.10474586283466707
0.3514189273659208,-0.11711808893450978
0.3515439429928741,-0.0003615927254442247
0.3516689586198275,-0.13916449190623104
0.3517939742467809,-0.1620145296315017
0.35191898987373427,-0.28451274687863826
0.3520440055006876,-0.34073679751317104
0.352169021127641,-0.13014205228436854
0.35229403675459436,-0.1757783762724006
0.3524190523815477,-0.1853688348275461
0.3525440680085011,-0.07315900277414303
0.35266908363545446,-0.1508144079959786
0.35279409926240785,-0.23752772843801095
0.3529191148893612,-0.28113896913984937
0.35304413051631456,-0.07934852641021232
0.35316914614326794,-0.2746147949191512
0.3532941617702213,-0.31564839237030073
0.35341917739717466,-0.2525679721056128
0.35354419302412804,-0.21319129729379255
0.3536692086510814,-0.12669722916996626
0.35379422427803475,-0.40047079118160694
0.35391923990498814,-0.34080004164626465
0.3540442555319415,-0.18345448780568105
0.3541692711588949,-0.3286594416047029
0.35429428678584823,-0.03946437111676136
0.3544193024128016,-0.2603961752137504
0.354544318039755,-0.2950235730833152
0.3546693336667084,-0.3210880321062961
0.3547943492936617,-0.45584397621407813
0.3549193649206151,-0.29922346863916627
0.3550443805475685,-0.5090052549217567
0.3551693961745218,-0.45719528123662867
0.3552944118014752,-0.3418918700274513
0.3554194274284286,-0.4723808772946869
0.35554444305538196,-0.4661448338600862
0.3556694586823353,-0.5045608391577681
0.3557944743092887,-0.6661557193547286
0.35591948993624206,-0.34904654859052364
0.35604450556319545,-0.6574223469219885
0.3561695211901488,-0.6801648089060709
0.35629453681710216,-0.6736647839168173
0.35641955244405554,-0.6848042876264414
0.3565445680710089,-0.5683588325696675
0.35666958369796226,-0.6985769678906533
0.35679459932491564,-0.5055721917439896
0.356919614951869,-0.7874873217451939
0.35704463057882235,-0.7615545292271642
0.35716964620577574,-0.8398245067923208
0.3572946618327291,-0.7514125734524145
0.3574196774596825,-0.6335801479636979
0.35754469308663583,-0.9461275958107376
0.3576697087135892,-0.7806899634789387
0.3577947243405426,-0.7088550526873773
0.357919739967496,-0.7436069419626032
0.3580447555944493,-0.941723081407521
0.3581697712214027,-0.5856576211767976
0.3582947868483561,-0.588169751842824
0.3584198024753094,-0.558329763184808
0.3585448181022628,-0.6341420101514519
0.3586698337292162,-0.5932248493369199
0.35879484935616957,-0.46327433638175236
0.3589198649831229,-0.6159108874202025
0.3590448806100763,-0.4166346391569541
0.35916989623702966,-0.4404324793136227
0.35929491186398305,-0.3189876885269636
0.3594199274909364,-0.22303971678467122
0.35954494311788976,-0.2407617330221606
0.35966995874484314,-0.25695779112827394
0.35979497437179647,-0.2682685134457991
0.35991998999874986,-0.023540502051796825
0.36004500562570324,-0.005032692322598785
0.3601700212526566,0.029007456585217486
0.36029503687960995,0.33782531518117676
0.36042005250656334,0.19163428809039304
0.3605450681335167,0.05125919675878059
0.3606700837604701,0.27370928200468697
0.36079509938742343,0.4224491804182341
0.3609201150143768,0.4083554266374642
0.3610451306413302,0.5095213534832399
0.3611701462682836,0.37692437089001823
0.3612951618952369,0.5616112159566525
0.3614201775221903,0.5861704275097637
0.3615451931491437,0.7472740141052878
0.361670208776097,0.556922754743252
0.3617952244030504,0.668790016967133
0.3619202400300038,0.7590502428190393
0.36204525565695717,0.7892083477532462
0.3621702712839105,0.8077887349681742
0.3622952869108639,0.6872259944035075
0.36242030253781726,0.6676921311108603
0.36254531816477065,0.6840015561438312
0.362670333791724,0.710085520716599
0.36279534941867736,0.8114132660415676
0.36292036504563074,0.7204759309315615
0.3630453806725841,0.7746935777504661
0.36317039629953746,0.6995699972915236
0.36329541192649084,0.6241744602949338
0.3634204275534442,0.57096730286989
0.36354544318039755,0.6033239020872346
0.36367045880735094,0.6536594185818162
0.3637954744343043,0.707632408099423
0.3639204900612577,0.5858651309756385
0.36404550568821104,0.6429609161609331
0.3641705213151644,0.5045947389685398
0.3642955369421178,0.4705234498223905
0.36442055256907113,0.5082094345650092
0.3645455681960245,0.3753969232171126
0.3646705838229779,0.565688796790569
0.3647955994499313,0.34627192494029685
0.3649206150768846,0.3525803201877129
0.365045630703838,0.46850518850308975
0.3651706463307914,0.38772809377639145
0.36529566195774477,0.20305506080136218
0.3654206775846981,0.2725152859574825
0.3655456932116515,0.14890839837830627
0.36567070883860486,0.2928736617547262
0.3657957244655582,0.21734086257743815
0.3659207400925116,0.3084971401806327
0.36604575571946496,0.26140704319822444
0.36617077134641834,0.22085182193130112
0.3662957869733717,0.3254760596994997
0.36642080260032506,0.2452462915273004
0.36654581822727844,0.15538347444427733
0.3666708338542318,0.16223012495601175
0.36679584948118515,0.2566128660244261
0.36692086510813854,0.15268872125623978
0.3670458807350919,0.313000711628873
0.3671708963620453,0.06380977833455198
0.36729591198899864,0.16555584807815102
0.367420927615952,0.19207439049696248
0.3675459432429054,0.11123002433601065
0.36767095886985873,0.12423096040743725
0.3677959744968121,0.2592445364870474
0.3679209901237655,0.22946468694141048
0.3680460057507189,0.2577537057371122
0.3681710213776722,0.25149149163784607
0.3682960370046256,0.15476594093312235
0.368421052631579,0.2700162612150296
0.36854606825853237,0.00801310070830787
0.3686710838854857,0.10988001292854135
0.3687960995124391,0.17439306117214223
0.36892111513939246,0.2567050381422315
0.3690461307663458,-0.01338938332384579
0.3691711463932992,0.14444277428575056
0.36929616202025256,0.10116124292454891
0.36942117764720594,-0.005925295928492297
0.3695461932741593,-0.016122663753719346
0.36967120890111266,0.03483052172233348
0.36979622452806604,-0.0864797229512517
0.3699212401550194,-0.05006765928256939
0.37004625578197275,-0.13219714920953932
0.37017127140892614,-0.10674794302445652
0.3702962870358795,-0.06536689003427792
0.37042130266283285,-0.010711399660887987
0.37054631828978624,-0.237979271710003
0.3706713339167396,-0.16724969661231362
0.370796349543693,-0.08996256083137479
0.37092136517064633,-0.07224976551058047
0.3710463807975997,-0.25117761328957544
0.3711713964245531,-0.1105325480178371
0.3712964120515065,-0.034424033550203174
0.3714214276784598,-0.13288458223943525
0.3715464433054132,0.021945804331209764
0.3716714589323666,-0.16740241403096728
0.37179647455931997,-0.16130591322984067
0.3719214901862733,-0.19473751078143683
0.3720465058132267,-0.11277152707205293
0.37217152144018006,-0.2480950909343522
0.3722965370671334,-0.1326050345138637
0.3724215526940868,-0.17091190829128058
0.37254656832104016,-0.23939470691536924
0.37267158394799355,-0.3237981775548724
0.3727965995749469,-0.2006644592558889
0.37292161520190026,-0.14670704327687842
0.37304663082885364,-0.16744054002855113
0.373171646455807,-0.23999505943312033
0.37329666208276036,-0.3196397957135735
0.37342167770971374,-0.12350275481182646
0.3735466933366671,-0.07943511391862355
0.37367170896362045,-0.19941386236133857
0.37379672459057384,-0.2717183052759336
0.3739217402175272,-0.3264554278609039
0.3740467558444806,-0.1735434121952515
0.37417177147143393,-0.2070550461645001
0.3742967870983873,-0.4147909153876709
0.3744218027253407,-0.3020354663442657
0.3745468183522941,-0.4326839588130373
0.3746718339792474,-0.3110659157607157
0.3747968496062008,-0.26904033101124714
0.3749218652331542,-0.38647593699792404
0.3750468808601075,-0.37498124686000917
0.3751718964870609,-0.514627306058864
0.3752969121140143,-0.568469032532461
0.37542192774096766,-0.3764739836048505
0.375546943367921,-0.4508798663201909
0.3756719589948744,-0.6536728468011619
0.37579697462182776,-0.4861583874134034
0.37592199024878115,-0.6975261875976089
0.3760470058757345,-0.600723248227881
0.37617202150268786,-0.5346374586914361
0.37629703712964124,-0.7348102850460935
0.3764220527565946,-0.6505671499060762
0.37654706838354796,-0.7452833022525471
0.37667208401050134,-0.6157642893829859
0.3767970996374547,-0.7067040662765597
0.37692211526440805,-0.7391054281309751
0.37704713089136144,-0.8649014004120025
0.3771721465183148,-0.7680452752465234
0.3772971621452682,-0.6924877788644725
0.37742217777222153,-0.7867505629061564
0.3775471933991749,-0.6100235948897035
0.3776722090261283,-0.7276216921685734
0.3777972246530817,-0.658471859484805
0.377922240280035,-0.6965931130948254
0.3780472559069884,-0.7229062711601485
0.3781722715339418,-0.6504669635902202
0.3782972871608951,-0.6528340517310095
0.3784223027878485,-0.5744997385989608
0.3785473184148019,-0.689484240402407
0.37867233404175527,-0.7102362421427583
0.3787973496687086,-0.5329926126754155
0.378922365295662,-0.42417814886281385
0.37904738092261536,-0.3707451680026387
0.37917239654956875,-0.4981973733078123
0.3792974121765221,-0.3427942556739394
0.37942242780347546,-0.21997279459552285
0.37954744343042884,-0.12637045318435317
0.3796724590573822,-0.04338296798939902
0.37979747468433556,-0.08982373511123283
0.37992249031128894,-0.1104866211529237
0.3800475059382423,0.053803290988614035
0.38017252156519565,0.0018770778474896462
0.38029753719214904,0.06070338405929443
0.3804225528191024,0.27947306610012757
0.3805475684460558,0.10363850760419836
0.38067258407300913,0.13493784338728848
0.3807975996999625,0.3587121095815909
0.3809226153269159,0.198966560825728
0.38104763095386923,0.572942797214152
0.3811726465808226,0.5103462322578644
0.381297662207776,0.6318590095487392
0.3814226778347294,0.4538302697556949
0.3815476934616827,0.62301313024389
0.3816727090886361,0.5915592994674794
0.3817977247155895,0.475438423597921
0.38192274034254287,0.8550462319519296
0.3820477559694962,0.5136524110994087
0.3821727715964496,0.7094707605748125
0.38229778722340296,0.6220995131851487
0.38242280285035635,0.7640633384694141
0.3825478184773097,0.4795083739758353
0.38267283410426306,0.7145310415129474
0.38279784973121644,0.8391684308607478
0.3829228653581698,0.6470878499749917
0.38304788098512316,0.680462253588411
0.38317289661207654,0.7011631882156296
0.3832979122390299,0.6591180333584632
0.38342292786598325,0.5801856065431392
0.38354794349293664,0.7195087148935408
0.38367295911989,0.5910088972437837
0.3837979747468434,0.5448485462047907
0.38392299037379674,0.5778039488289417
0.3840480060007501,0.5220771376713443
0.3841730216277035,0.5840488585543946
0.38429803725465683,0.46937475407717305
0.3844230528816102,0.5534081764906515
0.3845480685085636,0.5142127957506524
0.384673084135517,0.5398049798330338
0.3847980997624703,0.5034682725530639
0.3849231153894237,0.2874354062482677
0.3850481310163771,0.2959333086032915
0.38517314664333047,0.36741936623654853
0.3852981622702838,0.42038174773066733
0.3854231778972372,0.3411831196458964
0.38554819352419056,0.4542299078482238
0.3856732091511439,0.33259576468607965
0.3857982247780973,0.28617040954155165
0.38592324040505066,0.20126106528306997
0.38604825603200404,0.43440563288842626
0.3861732716589574,0.22101656180759346
0.38629828728591076,0.18554496250648675
0.38642330291286414,0.44859669493536564
0.3865483185398175,0.38426627473985686
0.38667333416677085,0.19850891540160845
0.38679834979372424,0.19200355629699464
0.3869233654206776,0.3011929488380256
0.387048381047631,0.16960537233744175
0.38717339667458434,0.12672741170373197
0.3872984123015377,0.36070157109981943
0.3874234279284911,0.3695901167827387
0.38754844355544443,0.16834426088813387
0.3876734591823978,0.1896479600223104
0.3877984748093512,0.10864081897281777
0.3879234904363046,0.31518408936262277
0.3880485060632579,0.1977555238594989
0.3881735216902113,0.2630781543969056
0.3882985373171647,0.14736925906481207
0.38842355294411807,0.13978485744039879
0.3885485685710714,0.11442299867077176
0.3886735841980248,0.26960877814328166
0.38879859982497816,0.10892355641150114
0.3889236154519315,0.18183087106063334
0.3890486310788849,0.061674562185496294
0.38917364670583826,0.044451970083047576
0.38929866233279165,0.05639869721675879
0.389423677959745,0.11465429452095302
0.38954869358669836,0.1336906195437985
0.38967370921365174,0.056071874812832254
0.3897987248406051,0.07661230310295702
0.38992374046755846,-0.06500598678945758
0.39004875609451184,-0.043476662971298985
0.3901737717214652,-0.12080455520266795
0.39029878734841855,-0.0020434711941808366
0.39042380297537194,-0.02654491533094155
0.3905488186023253,-0.09184098021231876
0.3906738342292787,-0.11313516003547763
0.39079884985623203,-0.06419880090949744
0.3909238654831854,-0.11911181505104108
0.3910488811101388,-0.11472723168882107
0.3911738967370922,-0.21063637956223405
0.3912989123640455,-0.17056803989108166
0.3914239279909989,-0.07251133737586606
0.3915489436179523,-0.25612521435026964
0.3916739592449056,-0.2052153766488926
0.391798974871859,-0.11629424826111158
0.3919239904988124,-0.1594893603369846
0.39204900612576576,0.05263553985575646
0.3921740217527191,-0.23158820262574922
0.3922990373796725,-0.22547581470818767
0.39242405300662586,-0.26133898107350045
0.39254906863357925,-0.32111007205562647
0.3926740842605326,-0.04879157308259367
0.39279909988748596,-0.1796195063582526
0.39292411551443934,-0.1790600440155659
0.3930491311413927,-0.2710632150376685
0.39317414676834606,-0.23491995564024531
0.39329916239529944,-0.34821297556231356
0.3934241780222528,-0.2220541277058711
0.39354919364920615,-0.25711907748100865
0.39367420927615954,-0.21876110500634263
0.3937992249031129,-0.038089223097277275
0.3939242405300663,-0.23918919345513123
0.39404925615701963,-0.18907946856210184
0.394174271783973,-0.19383385289966162
0.3942992874109264,-0.30503236174869364
0.3944243030378798,-0.5065450216376727
0.3945493186648331,-0.46020017552077064
0.3946743342917865,-0.42819789995782076
0.3947993499187399,-0.35957683400724494
0.3949243655456932,-0.3512593471655874
0.3950493811726466,-0.2087427006334131
0.3951743967996,-0.40821555599340414
0.39529941242655336,-0.47331689489353945
0.3954244280535067,-0.5524632173053993
0.3955494436804601,-0.5106053770069575
0.39567445930741346,-0.49083707346264305
0.39579947493436685,-0.5792421637661366
0.3959244905613202,-0.7409559384996213
0.39604950618827356,-0.5357512401907675
0.39617452181522694,-0.643387293658711
0.39629953744218027,-0.5817432231255434
0.39642455306913366,-0.5381063114969912
0.39654956869608704,-0.6523433480585111
0.3966745843230404,-0.8271127856860697
0.39679959994999375,-0.5584305279112026
0.39692461557694714,-0.7270878827706342
0.3970496312039005,-0.7333429386308536
0.3971746468308539,-0.7905593896679468
0.39729966245780723,-0.699374412095143
0.3974246780847606,-0.8030713885423219
0.397549693711714,-0.685472484567038
0.3976747093386674,-0.7040221651557544
0.3977997249656207,-0.7727349241200139
0.3979247405925741,-0.7842843356280736
0.3980497562195275,-0.4553262076188914
0.3981747718464808,-0.4604600226568052
0.3982997874734342,-0.5838992159848726
0.3984248031003876,-0.6272009511442382
0.39854981872734097,-0.5451027420364202
0.3986748343542943,-0.6099322373428011
0.3987998499812477,-0.615923612168151
0.39892486560820106,-0.5673062305062813
0.39904988123515445,-0.403711439829486
0.3991748968621078,-0.5576092681562643
0.39929991248906116,-0.26783748694546106
0.39942492811601454,-0.2368162213959062
0.3995499437429679,-0.20538142068912785
0.39967495936992126,-0.1088527910250208
0.39979997499687464,-0.06036746099977775
0.399924990623828,-0.14103246198343167
0.40005000625078135,0.09160061157197673
0.40017502187773474,-0.052742139890831194
0.4003000375046881,0.21507730751055007
0.4004250531316415,-0.09220651282575675
0.40055006875859483,0.4286420392168031
0.4006750843855482,0.08532833319848428
0.4008001000125016,0.4479155193813587
0.40092511563945493,0.37842074715662677
0.4010501312664083,0.5954804631178982
0.4011751468933617,0.5128529083424802
0.4013001625203151,0.6140075238336264
0.4014251781472684,0.44947398954642315
0.4015501937742218,0.3421647972297591
0.4016752094011752,0.6091838954180416
0.40180022502812857,0.6299370625464714
0.4019252406550819,0.7866799249585708
0.4020502562820353,0.669505619868734
0.40217527190898866,0.7534459660612844
0.40230028753594205,0.6561546120375494
0.4024253031628954,0.8093651276214908
0.40255031878984876,0.7566075687730793
0.40267533441680214,0.690952721955642
0.4028003500437555,0.7241977132146612
0.40292536567070886,0.8269459318110144
0.40305038129766224,0.6911391259036814
0.4031753969246156,0.73129480837831
0.40330041255156895,0.5561825797759462
0.40342542817852234,0.7492527120353228
0.4035504438054757,0.6641061843274219
0.4036754594324291,0.33522173764105123
0.40380047505938244,0.6529721482025866
0.4039254906863358,0.5734271367062624
0.4040505063132892,0.5446915872505297
0.40417552194024253,0.3898766436174168
0.4043005375671959,0.6453310123298388
0.4044255531941493,0.5894351125577385
0.4045505688211027,0.3026628487687081
0.404675584448056,0.4166292326959449
0.4048006000750094,0.2303659809212035
0.4049256157019628,0.23993822292833175
0.40505063132891617,0.35719406161330935
0.4051756469558695,0.38631366198410844
0.4053006625828229,0.33367138202962177
0.40542567820977626,0.30925134207568455
0.4055506938367296,0.12365261945002376
0.405675709463683,0.32963556742373334
0.40580072509063636,0.3338963586975145
0.40592574071758974,0.22853758368083724
0.4060507563445431,0.3974971730822687
0.40617577197149646,0.10911082409706249
0.40630078759844984,0.26156222930826933
0.4064258032254032,0.3254325664724717
0.40655081885235655,0.22848870270754237
0.40667583447930994,0.2835599135542617
0.4068008501062633,0.26690365055619625
0.40692586573321665,0.28042238512873124
0.40705088136017004,0.1772896347321515
0.4071758969871234,0.3305134060577417
0.4073009126140768,0.18027955652060268
0.40742592824103013,0.1872008526755696
0.4075509438679835,0.3293077805842506
0.4076759594949369,-0.04517295993262771
0.4078009751218903,0.11455720437863354
0.4079259907488436,0.44164112583356313
0.408051006375797,0.22098929279253385
0.4081760220027504,0.21357028064851755
0.40830103762970377,0.1285799758090199
0.4084260532566571,0.2649771935284773
0.4085510688836105,0.18899277210435597
0.40867608451056386,0.24577206192081943
0.4088011001375172,0.2621352426014388
0.4089261157644706,-0.0100434423594342
0.40905113139142396,-0.1451844074937062
0.40917614701837735,0.06498689068069412
0.4093011626453307,0.21068768664778073
0.40942617827228406,-0.09844809190338356
0.40955119389923744,-0.02850075423941277
0.4096762095261908,0.11152346702384658
0.40980122515314416,0.09098411606114154
0.40992624078009754,-0.12225685454387193
0.4100512564070509,-0.10358121118017793
0.41017627203400425,-0.03921224218698431
0.41030128766095764,-0.03500488279861932
0.410426303287911,0.0045910797117754394
0.4105513189148644,-0.1660196027885443
0.41067633454181773,-0.05467978548871608
0.4108013501687711,-0.16797000944799434
0.4109263657957245,-0.131610017380464
0.4110513814226779,-0.11367794684333517
0.4111763970496312,-0.10648472782375258
0.4113014126765846,-0.19987423172439747
0.411426428303538,-0.048679304651247896
0.4115514439304913,-0.1813024540442812
0.4116764595574447,-0.05783445818750063
0.4118014751843981,-0.12515907595904166
0.41192649081135146,-0.18338326342061795
0.4120515064383048,-0.17092526122919258
0.4121765220652582,-0.1517903895328741
0.41230153769221156,-0.12358498021494707
0.41242655331916495,-0.300232096889748
0.4125515689461183,-0.010873255417554198
0.41267658457307166,-0.22129394968705318
0.41280160020002504,-0.029630072235160565
0.4129266158269784,-0.2878308591091151
0.41305163145393176,-0.019613708274545266
0.41317664708088514,-0.15455091801555562
0.4133016627078385,-0.20280344584308038
0.41342667833479185,-0.2057639068624275
0.41355169396174524,-0.3538606434539774
0.4136767095886986,-0.09105586630510978
0.413801725215652,-0.264333583507646
0.41392674084260533,-0.38231129186955803
0.4140517564695587,-0.2784834908837375
0.4141767720965121,-0.1634556112591542
0.4143017877234655,-0.35443178699420047
0.4144268033504188,-0.09624957094399397
0.4145518189773722,-0.2677531267416433
0.4146768346043256,-0.3405668033742393
0.4148018502312789,-0.38185537618448406
0.4149268658582323,-0.3930931279657281
0.4150518814851857,-0.4317150727513468
0.41517689711213907,-0.534795478628377
0.4153019127390924,-0.40008860301003907
0.4154269283660458,-0.34320884826146625
0.41555194399299916,-0.48084494017846957
0.41567695961995255,-0.5761677967272879
0.4158019752469059,-0.49300338611759126
0.41592699087385926,-0.5621485235306884
0.41605200650081264,-0.7623748052820143
0.41617702212776597,-0.7719268824052995
0.41630203775471936,-0.6770196155662292
0.41642705338167274,-0.605300060277996
0.4165520690086261,-0.5820638742483464
0.41667708463557945,-0.8897939491718877
0.41680210026253284,-0.7329902366407036
0.4169271158894862,-0.6347003244144449
0.4170521315164396,-0.7933156755129717
0.41717714714339293,-0.6871258480023542
0.4173021627703463,-0.6836143273128561
0.4174271783972997,-0.6594823518828956
0.4175521940242531,-0.5748528217092868
0.4176772096512064,-0.723859319480047
0.4178022252781598,-0.6653218912198221
0.4179272409051132,-0.6421596140151895
0.4180522565320665,-0.6571047718730075
0.4181772721590199,-0.8068873315575554
0.4183022877859733,-0.5777822642125549
0.41842730341292667,-0.6013284064432706
0.41855231903988,-0.43943259255513767
0.4186773346668334,-0.46603566430749116
0.41880235029378676,-0.4722919790338776
0.41892736592074015,-0.45719276674126114
0.4190523815476935,-0.30507169216165214
0.41917739717464686,-0.4292925646551808
0.41930241280160024,-0.3353127594155566
0.4194274284285536,-0.21718847109095574
0.41955244405550696,-0.09054459888591045
0.41967745968246034,-0.061715540452897635
0.4198024753094137,-0.2663689289383633
0.41992749093636705,-0.03153414928069706
0.42005250656332044,0.04525029819739335
0.4201775221902738,0.1846259976023028
0.4203025378172272,-0.0469432352702632
0.42042755344418054,0.27140055376596073
0.4205525690711339,0.27534088460788286
0.4206775846980873,0.2961197325833483
0.42080260032504063,0.35199695407862674
0.420927615951994,0.3741186748632501
0.4210526315789474,0.6411556681714581
0.4211776472059008,0.5401198039976145
0.4213026628328541,0.5420884120976295
0.4214276784598075,0.6284252376910408
0.4215526940867609,0.6485400756334744
0.42167770971371427,0.5914773830825567
0.4218027253406676,0.6613642678569305
0.421927740967621,0.7785614305393377
0.42205275659457436,0.35490680070252445
0.4221777722215277,0.661080590855491
0.4223027878484811,0.8789254447022855
0.42242780347543446,0.5411375900871443
0.42255281910238784,0.7225153899571702
0.4226778347293412,0.7404363557072328
0.42280285035629456,0.6076061447950867
0.42292786598324794,0.4880637087903595
0.4230528816102013,0.6702086152724471
0.42317789723715465,0.7123157018952563
0.42330291286410804,0.624473213672968
0.4234279284910614,0.6961535278191466
0.4235529441180148,0.4271639977938852
0.42367795974496814,0.6209325041848265
0.4238029753719215,0.40905266767511383
0.4239279909988749,0.6221853324469947
0.42405300662582823,0.6137819221751997
0.4241780222527816,0.4064913452213712
0.424303037879735,0.5334507742746184
0.4244280535066884,0.5607802384680549
0.4245530691336417,0.32195985798269305
0.4246780847605951,0.32931479166904126
0.4248031003875485,0.44231948568467055
0.42492811601450187,0.19765530523265368
0.4250531316414552,0.26637040647340443
0.4251781472684086,0.4702489682287063
0.42530316289536196,0.2718807788378607
0.4254281785223153,0.2281515683527086
0.4255531941492687,0.23184375822353065
0.42567820977622206,0.3667598072765827
0.42580322540317544,0.26516839131785336
0.4259282410301288,0.22745114124341947
0.42605325665708216,0.10327869636338233
0.42617827228403554,0.16050550783630818
0.4263032879109889,0.23490150823537678
0.42642830353794225,0.18063511720722658
0.42655331916489564,0.4333842245472057
0.426678334791849,0.18774879553558668
0.42680335041880235,0.21552054471463059
0.42692836604575574,0.24524815112328407
0.4270533816727091,0.40947587344695735
0.4271783972996625,0.09995004186564294
0.42730341292661583,0.23653437583026987
0.4274284285535692,0.20915822214252025
0.4275534441805226,0.03670215321591174
0.427678459807476,0.25131888508162087
0.4278034754344293,0.08647751033334104
0.4279284910613827,0.1324243456007122
0.4280535066883361,0.20612216764805266
0.42817852231528947,0.25373804658367655
0.4283035379422428,0.14628740532651766
0.4284285535691962,0.18374624770570133
0.42855356919614956,0.20718811773968432
0.4286785848231029,0.24725478705904186
0.4288036004500563,0.04641625238964415
0.42892861607700966,0.13150322942091325
0.42905363170396305,0.11177928490995095
0.4291786473309164,0.12011727846152698
0.42930366295786976,0.1167830902380296
0.42942867858482314,0.08484553090158888
0.4295536942117765,0.21352537341686256
0.42967870983872986,0.06166692241172064
0.42980372546568324,0.07247110018652436
0.4299287410926366,0.14911434268534043
0.43005375671958995,0.011646428190907164
0.43017877234654334,0.025666559968386644
0.4303037879734967,0.09684108113104058
0.4304288036004501,-0.1413598507847149
0.43055381922740343,-0.01697664391132585
0.4306788348543568,0.08772544543768357
0.4308038504813102,-0.138968425344984
0.4309288661082636,-0.22696752484844712
0.4310538817352169,-0.04011994739786561
0.4311788973621703,-0.18757177306804593
0.4313039129891237,-0.25783598553807024
0.431428928616077,-0.1270305688302686
0.4315539442430304,-0.31755361855093506
0.4316789598699838,-0.010775363586963162
0.43180397549693716,0.010216137499950725
0.4319289911238905,-0.14009045559542863
0.4320540067508439,-0.15847513351818035
0.43217902237779726,-0.23985273911321492
0.43230403800475065,-0.13514036449949468
0.432429053631704,-0.10700783061390086
0.43255406925865736,-0.24645571834740448
0.43267908488561074,-0.2643216214721046
0.4328041005125641,-0.12642743054650876
0.43292911613951746,-0.38010344334356483
0.43305413176647084,-0.2739114839296949
0.4331791473934242,-0.2713214147627562
0.43330416302037755,-0.1965185903842923
0.43342917864733094,-0.15715070027894687
0.4335541942742843,-0.2625659858122078
0.4336792099012377,-0.21282179010974
0.43380422552819103,-0.2942960557019949
0.4339292411551444,-0.3046878649740048
0.4340542567820978,-0.20178431175830344
0.4341792724090512,-0.30586440816413013
0.4343042880360045,-0.3120089816963321
0.4344293036629579,-0.43046974415313943
0.4345543192899113,-0.2732555429861033
0.4346793349168646,-0.4363458823525048
0.434804350543818,-0.3622868269422801
0.4349293661707714,-0.693139777054792
0.43505438179772477,-0.5857087647806002
0.4351793974246781,-0.19216175254221482
0.4353044130516315,-0.42701370683703227
0.43542942867858486,-0.46739928936357944
0.43555444430553825,-0.42899874671558447
0.4356794599324916,-0.3529712842669423
0.43580447555944496,-0.5426328710316863
0.43592949118639834,-0.6814393733085566
0.43605450681335167,-0.44044355774605176
0.43617952244030506,-0.5115216546815451
0.43630453806725844,-0.7730790292163839
0.4364295536942118,-0.6180809136597953
0.43655456932116515,-0.8116579800584339
0.43667958494811854,-0.7031093840184426
0.4368046005750719,-0.7464593488640193
0.4369296162020253,-0.8253107702611637
0.43705463182897863,-0.7670655945428632
0.437179647455932,-0.6666602409907426
0.4373046630828854,-0.6583948875840422
0.43742967870983873,-0.7458529391061617
0.4375546943367921,-0.7685886798223104
0.4376797099637455,-0.6285471593548514
0.4378047255906989,-0.6366498342682767
0.4379297412176522,-0.7327236885985238
0.4380547568446056,-0.7317564525411632
0.438179772471559,-0.8536584717457045
0.43830478809851237,-0.499967177290881
0.4384298037254657,-0.7109203243507973
0.4385548193524191,-0.5799015108613153
0.43867983497937246,-0.39561728377005523
0.43880485060632585,-0.43612912551214156
0.4389298662332792,-0.4370857990510052
0.43905488186023256,-0.5308374867380266
0.43917989748718594,-0.42014595776573344
0.4393049131141393,-0.3144323577105723
0.43942992874109266,-0.18018916974082796
0.43955494436804604,-0.29247493825842213
0.4396799599949994,-0.2187432837376766
0.43980497562195275,-0.04896184238168075
0.43992999124890614,-0.08298151350212414
0.4400550068758595,-0.006776247428641056
0.4401800225028129,0.007502830551765293
0.44030503812976624,0.26097769359345757
0.4404300537567196,0.013561219868489632
0.440555069383673,0.31672602450363824
0.44068008501062633,0.3804661842949318
0.4408051006375797,0.3695000299150103
0.4409301162645331,0.45756085198193086
0.4410551318914865,0.4021097494870662
0.4411801475184398,0.4964296767834291
0.4413051631453932,0.641781194718701
0.4414301787723466,0.6286384604873022
0.44155519439929997,0.6650527753820636
0.4416802100262533,0.7449953453107668
0.4418052256532067,0.4189601517855352
0.44193024128016006,0.7311239994999273
0.4420552569071134,0.7869980362641544
0.4421802725340668,0.8206822512278555
0.44230528816102016,0.7858491125582486
0.44243030378797354,0.690172511415302
0.4425553194149269,0.9209509687102602
0.44268033504188026,0.6070167410291498
0.44280535066883364,0.7536000216632324
0.442930366295787,0.6998618390619982
0.44305538192274035,0.859004303117955
0.44318039754969374,0.5988583533346747
0.4433054131766471,0.7229888382816152
0.4434304288036005,0.76157397278066
0.44355544443055384,0.4840956848094304
0.4436804600575072,0.7719946546030426
0.4438054756844606,0.615717924320313
0.44393049131141393,0.3448885872000744
0.4440555069383673,0.5168545058823781
0.4441805225653207,0.5032145038926492
0.4443055381922741,0.48526757706573687
0.4444305538192274,0.4882291672780631
0.4445555694461808,0.5068748290985011
0.4446805850731342,0.465763005195657
0.44480560070008757,0.5388534323226852
0.4449306163270409,0.5057764851348553
0.4450556319539943,0.3556118149072192
0.44518064758094766,0.262646849309355
0.445305663207901,0.22260624315592975
0.4454306788348544,0.2553480665531849
0.44555569446180776,0.4678026172887417
0.44568071008876115,0.32370905141023976
0.4458057257157145,0.19792948992222034
0.44593074134266786,0.03408190303075494
0.44605575696962124,0.20011993153357432
0.4461807725965746,0.14254243248631862
0.44630578822352795,0.35667716830692464
0.44643080385048134,0.0918204862396264
0.4465558194774347,0.2371867138565707
0.44668083510438805,0.28754896638423755
0.44680585073134144,0.2291973577609534
0.4469308663582948,0.33733312934609355
0.4470558819852482,0.2855786577675282
0.44718089761220153,0.17336778652315987
0.4473059132391549,0.25267267303454244
0.4474309288661083,0.12400457494385929
0.4475559444930617,0.15145143878843592
0.447680960120015,0.144230103763995
0.4478059757469684,0.3272429816665747
0.4479309913739218,0.3653656968807294
0.4480560070008751,0.11585161297055327
0.4481810226278285,0.20541971972867248
0.4483060382547819,0.04487375121595191
0.44843105388173526,0.2697248716293854
0.4485560695086886,0.1605421890856957
0.448681085135642,0.17857640845311512
0.44880610076259536,0.17651595742928278
0.44893111638954875,0.3014999032688349
0.4490561320165021,0.03762841632957751
0.44918114764345546,0.10116465616524623
0.44930616327040884,0.017947755733490233
0.4494311788973622,0.008763009324603551
0.44955619452431556,-0.14372379235531538
0.44968121015126894,0.1294023695179873
0.4498062257782223,-0.24854405143486433
0.44993124140517565,-0.07991679232634756
0.45005625703212904,-0.12392225384177248
0.4501812726590824,0.01534538395977611
0.4503062882860358,0.03462598627228551
0.45043130391298913,0.025370156158856128
0.4505563195399425,-0.15903504891572254
0.4506813351668959,-0.01841465515336237
0.4508063507938493,-0.35566819624835894
0.4509313664208026,0.046563987670707685
0.451056382047756,-0.09041926326419898
0.4511813976747094,-0.03355048992938567
0.4513064133016627,-0.165064224302453
0.4514314289286161,-0.1258441264200596
0.4515564445555695,-0.246717756758884
0.45168146018252286,-0.08484951647776316
0.4518064758094762,-0.17415930669806431
0.4519314914364296,-0.25055903817079556
0.45205650706338296,-0.25855925564188054
0.45218152269033635,-0.16399559637101618
0.4523065383172897,-0.12340405403543461
0.45243155394424306,-0.2358559342663796
0.45255656957119644,-0.2554750075671341
0.45268158519814977,-0.18052783440699674
0.45280660082510316,-0.3060929531324289
0.45293161645205654,-0.133383025384094
0.4530566320790099,-0.2426026908766101
0.45318164770596325,-0.2509715005471058
0.45330666333291664,-0.3523638154811044
0.45343167895987,-0.28356998963248453
0.4535566945868234,-0.2559223095163715
0.45368171021377673,-0.2741052113027838
0.4538067258407301,-0.3224298800367903
0.4539317414676835,-0.3010542760219388
0.4540567570946369,-0.30823724155651666
0.4541817727215902,-0.07998165431399018
0.4543067883485436,-0.14307731313142708
0.454431803975497,-0.2913586424969637
0.4545568196024503,-0.3409769529994015
0.4546818352294037,-0.16310306396602142
0.4548068508563571,-0.34456145994192183
0.45493186648331047,-0.3005917481317214
0.4550568821102638,-0.4556577875746249
0.4551818977372172,-0.3996284905230465
0.45530691336417056,-0.3290963362439482
0.45543192899112395,-0.4952719907245597
0.4555569446180773,-0.43804351353863735
0.45568196024503066,-0.6306784766556573
0.45580697587198404,-0.4230435297646662
0.4559319914989374,-0.6212378306174452
0.45605700712589076,-0.4889150637347804
0.45618202275284414,-0.5423023457059422
0.4563070383797975,-0.6689835191243542
0.45643205400675085,-0.7467945653095313
0.45655706963370424,-0.6921159323472045
0.4566820852606576,-0.6534310087317123
0.456807100887611,-0.9410395450193042
0.45693211651456433,-0.7255330112058741
0.4570571321415177,-0.7415412063384702
0.4571821477684711,-0.5900889676217234
0.45730716339542443,-0.7265928351316329
0.4574321790223778,-0.7278322676122225
0.4575571946493312,-0.6614837799657967
0.4576822102762846,-0.7003869799468059
0.4578072259032379,-0.6979798431444034
0.4579322415301913,-0.7262146928100733
0.4580572571571447,-0.5792130504852527
0.45818227278409807,-0.45931169449195525
0.4583072884110514,-0.6780594505235593
0.4584323040380048,-0.7476288144771636
0.45855731966495816,-0.6557059057531298
0.45868233529191155,-0.5262925592473586
0.4588073509188649,-0.5951603866087423
0.45893236654581826,-0.2993032898736018
0.45905738217277164,-0.4150938672027165
0.459182397799725,-0.3156636850026922
0.45930741342667836,-0.2696456848457356
0.45943242905363174,-0.3266686106611414
0.4595574446805851,-0.23476277237001586
0.45968246030753845,-0.10969648526760462
0.45980747593449184,-0.15748921860614493
0.4599324915614452,0.051753003018243406
0.4600575071883986,-0.011772553838629811
0.46018252281535194,-0.04025793287124123
0.4603075384423053,0.1644394144897008
0.4604325540692587,0.21187404917758607
0.46055756969621203,0.3740939138582943
0.4606825853231654,0.10969932798697127
0.4608076009501188,0.43242085014429743
0.4609326165770722,0.5022178898286854
0.4610576322040255,0.5066489337057789
0.4611826478309789,0.48858038885273475
0.4613076634579323,0.4630633776238136
0.46143267908488567,0.5273584203210521
0.461557694711839,0.6770330123389536
0.4616827103387924,0.7747638613925371
0.46180772596574576,0.7766577619248687
0.4619327415926991,0.6668722424210856
0.4620577572196525,0.6197638840796466
0.46218277284660586,0.6578967967186334
0.46230778847355924,0.6482490505303296
0.4624328041005126,0.8198005010186197
0.46255781972746596,0.7107365233813717
0.46268283535441934,0.5586451431619739
0.4628078509813727,0.6356440152659224
0.46293286660832605,0.7060900000597254
0.46305788223527944,0.7143193946833797
0.4631828978622328,0.5927082979029825
0.46330791348918615,0.7503723589172638
0.46343292911613954,0.7531349452414576
0.4635579447430929,0.5254441302710842
0.4636829603700463,0.6095920437022152
0.46380797599699963,0.5967350582315373
0.463932991623953,0.6043949591570232
0.4640580072509064,0.6461514500256234
0.4641830228778598,0.602741754391142
0.4643080385048131,0.5493694794103184
0.4644330541317665,0.3584232092648995
0.4645580697587199,0.37510635492086475
0.46468308538567327,0.47014158567382763
0.4648081010126266,0.3301583242383962
0.46493311663958,0.3003076439428804
0.46505813226653336,0.3137382706047145
0.4651831478934867,0.33105318995044797
0.4653081635204401,0.2891314022360434
0.46543317914739346,0.5820603110955327
0.46555819477434685,0.409580336216404
0.4656832104013002,0.2735711123693667
0.46580822602825356,0.27399117627918856
0.46593324165520694,0.2717515482532841
0.4660582572821603,0.22647313006920083
0.46618327290911366,0.30086032506571975
0.46630828853606704,0.23346609601593393
0.4664333041630204,0.16821191385012657
0.46655831978997375,0.29194281627391694
0.46668333541692714,0.16410420166360765
0.4668083510438805,0.21064421389661403
0.4669333666708339,0.20552558673752794
0.46705838229778723,0.1468785155063665
0.4671833979247406,0.15280219881927184
0.467308413551694,0.08154384826348678
0.4674334291786474,0.05222176615733209
0.4675584448056007,0.3806967902672502
0.4676834604325541,0.383921386908945
0.4678084760595075,0.2592401889208861
0.4679334916864608,0.15708468572306558
0.4680585073134142,0.1853853554063921
0.4681835229403676,0.30730673146808374
0.46830853856732096,0.1782770089146517
0.4684335541942743,0.139364843649503
0.4685585698212277,0.05457405603321746
0.46868358544818106,0.011973546062593488
0.46880860107513445,0.2455741195882215
0.4689336167020878,0.18861224854000755
0.46905863232904116,0.16478312165382764
0.46918364795599454,0.10646462340886505
0.4693086635829479,-0.05686119410946491
0.46943367920990126,0.01964611946274187
0.46955869483685464,0.11476019694932585
0.469683710463808,-0.03126765487826964
0.46980872609076135,0.10863477246816995
0.46993374171771474,-0.03848755606657354
0.4700587573446681,0.13265782959924333
0.4701837729716215,-0.07994961067208131
0.47030878859857483,-0.04436185103522742
0.4704338042255282,-0.03370153382417785
0.4705588198524816,0.04443047032782054
0.470683835479435,-0.2285147254491364
0.4708088511063883,0.03131999009660007
0.4709338667333417,-0.17583294280806566
0.4710588823602951,-0.05546444173242153
0.4711838979872484,-0.23668954690457375
0.4713089136142018,-0.04195150913830792
0.4714339292411552,-0.14383060977912782
0.47155894486810856,-0.1974767943211569
0.4716839604950619,-0.11929963067533018
0.4718089761220153,-0.22578887429317754
0.47193399174896866,-0.10384824185152537
0.47205900737592205,-0.09992858021455393
0.4721840230028754,-0.21884747117052233
0.47230903862982876,-0.2377449143429868
0.47243405425678214,-0.11716581491046955
0.47255906988373547,-0.16593021178587944
0.47268408551068886,-0.2590425769380064
0.47280910113764224,-0.11675517391770521
0.4729341167645956,-0.06849936949591308
0.47305913239154895,-0.2763137564670855
0.47318414801850234,-0.1643594891719702
0.4733091636454557,-0.1705711982962804
0.4734341792724091,-0.3856702270255108
0.47355919489936243,-0.3646585484283715
0.4736842105263158,-0.2729344572361262
0.4738092261532692,-0.27774114276974016
0.4739342417802226,-0.1605225713468145
0.4740592574071759,-0.3738024728605487
0.4741842730341293,-0.42305408038969
0.4743092886610827,-0.3105187903663822
0.474434304288036,-0.4610185116811096
0.4745593199149894,-0.18806774914737176
0.4746843355419428,-0.3218246569718073
0.47480935116889617,-0.4858291890868189
0.4749343667958495,-0.5142553018282423
0.4750593824228029,-0.361842474170653
0.47518439804975626,-0.4769175377845503
0.47530941367670965,-0.3601021104728949
0.475434429303663,-0.5391290639595805
0.47555944493061636,-0.37910805683999976
0.47568446055756974,-0.4639485665006099
0.4758094761845231,-0.4573396968612551
0.47593449181147646,-0.5699053592784313
0.47605950743842984,-0.685485038816146
0.4761845230653832,-0.5319990288616903
0.47630953869233655,-0.599380845748741
0.47643455431928994,-0.7537757357235073
0.4765595699462433,-0.6969696687762057
0.4766845855731967,-0.6919810317396279
0.47680960120015004,-0.6922198661943529
0.4769346168271034,-0.6857139816999803
0.4770596324540568,-0.7406326661730683
0.47718464808101013,-0.6339069346946897
0.4773096637079635,-0.7949810289922553
0.4774346793349169,-0.8261025691603064
0.4775596949618703,-0.7440830479332207
0.4776847105888236,-0.8054330376823351
0.477809726215777,-0.6635154909389686
0.4779347418427304,-0.8016448862206875
0.47805975746968377,-0.7581773341503063
0.4781847730966371,-0.6877669272099155
0.4783097887235905,-0.7588380417822762
0.47843480435054386,-0.5285556100215402
0.4785598199774972,-0.512421630628969
0.4786848356044506,-0.601124891216987
0.47880985123140396,-0.4254736170890013
0.47893486685835734,-0.5340319604756297
0.4790598824853107,-0.3811427746013641
0.47918489811226406,-0.3652454745269365
0.47930991373921744,-0.3010631140931506
0.4794349293661708,-0.12923258304842936
0.47955994499312415,-0.20800605833025745
0.47968496062007754,-0.1703015032431643
0.4798099762470309,-0.11713139119515388
0.4799349918739843,0.05651374553870556
0.48006000750093764,0.046063322125315186
0.480185023127891,0.19446629838303092
0.4803100387548444,0.057568238962919564
0.48043505438179773,0.11310704410256182
0.4805600700087511,0.1141502326956327
0.4806850856357045,0.20425416245596456
0.4808101012626579,0.377587834095523
0.4809351168896112,0.43741487573180976
0.4810601325165646,0.38539587911364576
0.481185148143518,0.5019661323658542
0.48131016377047137,0.5233531234795509
0.4814351793974247,0.5473554938321403
0.4815601950243781,0.5326882632162331
0.48168521065133146,0.7065947260342449
0.4818102262782848,0.7631230825869838
0.4819352419052382,0.7048471249387677
0.48206025753219156,0.855576942174962
0.48218527315914494,0.5919744246009503
0.4823102887860983,0.6319353643444868
0.48243530441305166,0.7130804045136157
0.48256032004000504,0.595635613065069
0.4826853356669584,0.8124712299201489
0.48281035129391175,0.6871697018049648
0.48293536692086514,0.7868312621031729
0.4830603825478185,0.7477750635221877
0.48318539817477185,0.7240769609736026
0.48331041380172524,0.6983680911787996
0.4834354294286786,0.6890804490303002
0.483560445055632,0.739913744731489
0.48368546068258533,0.6268653633950708
0.4838104763095387,0.7550549370579721
0.4839354919364921,0.57732538709189
0.4840605075634455,0.4979767601187032
0.4841855231903988,0.5521755389385867
0.4843105388173522,0.48880003194753885
0.4844355544443056,0.5509818155686563
0.48456057007125897,0.505734046737759
0.4846855856982123,0.43550352860159747
0.4848106013251657,0.35634930542071036
0.48493561695211906,0.28147770325242266
0.4850606325790724,0.24257429308485637
0.4851856482060258,0.4027853232051203
0.48531066383297916,0.3346271209972099
0.48543567945993255,0.3634010276144357
0.4855606950868859,0.094466335606451
0.48568571071383926,0.34128030023441797
0.48581072634079264,0.16547501508096274
0.485935741967746,0.16182242171258046
0.48606075759469936,0.154588848514929
0.48618577322165274,0.3272817032552704
0.4863107888486061,0.15036399084202276
0.48643580447555945,0.2803672873104406
0.48656082010251284,0.1939505625220118
0.4866858357294662,0.09398593714170295
0.4868108513564196,0.19806058063040474
0.48693586698337293,0.21127477357863483
0.4870608826103263,0.08772692816943063
0.4871858982372797,0.23426917982234208
0.4873109138642331,0.33308228677941976
0.4874359294911864,0.3072355365404125
0.4875609451181398,0.175052205065919
0.4876859607450932,0.11749110155526399
0.4878109763720465,0.21122990491830543
0.4879359919989999,0.23627316321643527
0.4880610076259533,0.09257243713319266
0.48818602325290666,0.16472339191646895
0.48831103887986,0.24611873926111394
0.4884360545068134,0.1349223419796809
0.48856107013376676,0.21111476059858636
0.48868608576072015,0.2613081293799045
0.4888111013876735,0.09691903121998534
0.48893611701462686,0.2245254010529413
0.48906113264158024,0.08538907717535221
0.4891861482685336,0.08612607220327721
0.48931116389548696,0.04037501354643115
0.48943617952244034,0.02010356604243687
0.4895611951493937,0.1442521157101069
0.48968621077634705,-0.11923976321776625
0.48981122640330044,0.1719776141670292
0.4899362420302538,-0.05636755965555738
0.4900612576572072,-0.06737550267441168
0.49018627328416053,-0.03044737390831283
0.4903112889111139,-0.02952456989429427
0.4904363045380673,-0.1527706219244405
0.4905613201650207,-0.11819204965562685
0.490686335791974,-0.24350754534654345
0.4908113514189274,-0.006423872338910345
0.4909363670458808,0.0913149496677329
0.4910613826728341,-0.2220664842805928
0.4911863982997875,-0.08884190010161924
0.4913114139267409,-0.25266831309093424
0.49143642955369427,-0.3429488736921632
0.4915614451806476,-0.1687432748313762
0.491686460807601,-0.1345505309487367
0.49181147643455436,-0.18713465825604023
0.49193649206150775,-0.2933795873406993
0.4920615076884611,-0.11018282514013
0.49218652331541446,-0.32865832045566995
0.49231153894236784,-0.2155652343586757
0.49243655456932117,-0.2363683117835577
0.49256157019627456,-0.19453748339647112
0.49268658582322794,-0.3189874654358028
0.4928116014501813,-0.1038224245461639
0.49293661707713465,-0.30142840408275323
0.49306163270408804,-0.025501963057402925
0.4931866483310414,-0.14564169442260216
0.4933116639579948,-0.20445287096544265
0.49343667958494813,-0.2685949681255644
0.4935616952119015,-0.27689772435859783
0.4936867108388549,-0.2133058395768822
0.49381172646580823,-0.24638792846348556
0.4939367420927616,-0.2678502817597652
0.494061757719715,-0.2084291687917551
0.4941867733466684,-0.2748505436255179
0.4943117889736217,-0.2919035007616972
0.4944368046005751,-0.4277766972444476
0.4945618202275285,-0.3452886995977937
0.49468683585448187,-0.18767628571977943
0.4948118514814352,-0.4543130851095308
0.4949368671083886,-0.3414120014546277
0.49506188273534196,-0.45689632204281044
0.49518689836229535,-0.40135109819743736
0.4953119139892487,-0.4786175414041358
0.49543692961620206,-0.6378975635659799
0.49556194524315544,-0.5760070589886331
0.4956869608701088,-0.5560982388157374
0.49581197649706216,-0.5798513306279888
0.49593699212401554,-0.6833902615289098
0.4960620077509689,-0.5066649235312772
0.49618702337792225,-0.4401364527301861
0.49631203900487564,-0.5268840533858696
0.496437054631829,-0.7204421963218594
0.4965620702587824,-0.6345454685208797
0.49668708588573574,-0.6124827829078567
0.4968121015126891,-0.5959903028596135
0.4969371171396425,-0.6374240070011008
0.49706213276659583,-0.5169293047592468
0.4971871483935492,-0.7233553151252765
0.4973121640205026,-0.7296635016259775
0.497437179647456,-0.6760636152957062
0.4975621952744093,-0.683264627780938
0.4976872109013627,-0.6531936226211917
0.4978122265283161,-0.711807215984095
0.49793724215526947,-0.5648543848077132
0.4980622577822228,-0.5545887669738354
0.4981872734091762,-0.8406873975337725
0.49831228903612956,-0.7733585150968911
0.4984373046630829,-0.46941364439247985
0.4985623202900363,-0.6422545182170966
0.49868733591698966,-0.5537580969437972
0.49881235154394304,-0.6019869485625751
0.4989373671708964,-0.5766707678466612
0.49906238279784976,-0.23206165929186204
0.49918739842480314,-0.4745586198039282
0.4993124140517565,-0.1855363422700541
0.49943742967870985,-0.32320909237180045
0.49956244530566324,-0.269857104786263
0.4996874609326166,-0.10191405537274273
0.49981247655957,-0.08349845279856502
0.49993749218652334,0.15325174414546036
0.5000625078134767,-0.11473607319903942
0.50018752344043,-0.01479201880153073
0.5003125390673835,0.2096430758729504
0.5004375546943368,0.16663938136289616
0.5005625703212901,0.17042563023211174
0.5006875859482436,0.29439692491733027
0.5008126015751969,0.3641265022379493
0.5009376172021504,0.45406414470608863
0.5010626328291037,0.5506037165074721
0.501187648456057,0.5452496837450148
0.5013126640830105,0.6279767430949401
0.5014376797099638,0.5590792225616464
0.5015626953369171,0.64249111851973
0.5016877109638705,0.5294653072534545
0.5018127265908239,0.6694034414678303
0.5019377422177772,0.7289681243880424
0.5020627578447306,0.8998589465769216
0.502187773471684,0.7912288104547971
0.5023127890986374,0.840079181781811
0.5024378047255907,0.8201217219281574
0.5025628203525441,0.5866851675262204
0.5026878359794975,0.652067036085893
0.5028128516064508,0.8641580189052626
0.5029378672334042,0.690166038143037
0.5030628828603576,0.6026149352661905
0.5031878984873109,0.701136986573604
0.5033129141142643,0.6671303912742365
0.5034379297412177,0.5005744543479023
0.503562945368171,0.6249658964003689
0.5036879609951245,0.838328529078555
0.5038129766220778,0.6933473891328541
0.5039379922490311,0.6122854007745997
0.5040630078759846,0.5496016476718515
0.5041880235029379,0.5500084332392101
0.5043130391298912,0.49795950532742517
0.5044380547568447,0.5905219774620264
0.504563070383798,0.49698523937590966
0.5046880860107513,0.4234522891706622
0.5048131016377048,0.3618621378510023
0.5049381172646581,0.41624451383965416
0.5050631328916115,0.2976869392542791
0.5051881485185649,0.432508455260666
0.5053131641455182,0.43275276675398444
0.5054381797724716,0.42381671729737647
0.505563195399425,0.41269360940247396
0.5056882110263783,0.4055807070267216
0.5058132266533317,0.27583302121533876
0.505938242280285,0.2799451767580896
0.5060632579072384,0.19210626137236725
0.5061882735341918,0.5142517582349296
0.5063132891611452,0.3822185274468165
0.5064383047880986,0.23802312228024014
0.5065633204150519,0.3036293645654114
0.5066883360420052,0.13568864594295765
0.5068133516689587,0.2161101405816802
0.506938367295912,0.3401797457303999
0.5070633829228653,0.08598401040252975
0.5071883985498188,0.22291060302253762
0.5073134141767721,0.30394621796662064
0.5074384298037256,0.20983975055879886
0.5075634454306789,-0.052052778581152606
0.5076884610576322,0.25086395086771573
0.5078134766845857,0.22692635049030702
0.507938492311539,0.05957058814596345
0.5080635079384923,0.09165028658471619
0.5081885235654457,0.24994892063540905
0.5083135391923991,0.2170577948910482
0.5084385548193524,0.17162632479839168
0.5085635704463058,0.3102643599781901
0.5086885860732592,0.19360543868221466
0.5088136017002126,0.09892846050012329
0.5089386173271659,0.10963161949468177
0.5090636329541193,-0.06740820550306179
0.5091886485810727,0.14024600322838185
0.509313664208026,0.12819384159437203
0.5094386798349794,-0.05511666850218098
0.5095636954619328,-0.0013177130603201877
0.5096887110888861,0.08359064310837154
0.5098137267158395,-0.02873127591816208
0.5099387423427929,-0.021235399481097754
0.5100637579697462,0.23324618996520854
0.5101887735966997,-0.16155538266881078
0.510313789223653,-0.006811062012272356
0.5104388048506063,-0.16275569910973478
0.5105638204775598,-0.08829153759373
0.5106888361045131,-0.08088323615997602
0.5108138517314664,-0.08434225142289643
0.5109388673584199,-0.04364792149579077
0.5110638829853732,-0.08439702155665307
0.5111888986123265,-0.022237434055951792
0.51131391423928,-0.1351711235565547
0.5114389298662333,0.011429089890507253
0.5115639454931867,-0.2754132748150023
0.5116889611201401,-0.17227645782592252
0.5118139767470934,-0.16384980868708465
0.5119389923740468,-0.1865424976444631
0.5120640080010002,-0.07609800529482189
0.5121890236279535,-0.29337664349656123
0.5123140392549069,-0.2036169349214239
0.5124390548818603,-0.25892917095592327
0.5125640705088136,-0.30363834686906394
0.512689086135767,-0.0825994189827305
0.5128141017627204,-0.16427395495812663
0.5129391173896738,-0.2154873389266664
0.5130641330166271,-0.10555354733558288
0.5131891486435805,-0.16676024850142848
0.5133141642705339,-0.13012548243406247
0.5134391798974872,-0.24472337749942513
0.5135641955244405,-0.22826987660949308
0.513689211151394,-0.28239376751047585
0.5138142267783473,-0.1960282191876396
0.5139392424053006,-0.11732933964164474
0.5140642580322541,-0.32129883977892293
0.5141892736592074,-0.3616593105980435
0.5143142892861609,-0.313177964849487
0.5144393049131142,-0.4327230515440133
0.5145643205400675,-0.4125869106998029
0.514689336167021,-0.6541515638948121
0.5148143517939743,-0.4738357388497321
0.5149393674209276,-0.3487487736647745
0.515064383047881,-0.42137968185633756
0.5151893986748344,-0.5306187543595604
0.5153144143017877,-0.41501286150873673
0.5154394299287411,-0.352871051370702
0.5155644455556945,-0.6876012252611242
0.5156894611826479,-0.6235568777416527
0.5158144768096012,-0.42706347828832436
0.5159394924365546,-0.5373044456650526
0.516064508063508,-0.6399117521702182
0.5161895236904613,-0.5521033121227792
0.5163145393174147,-0.7550883319264585
0.5164395549443681,-0.7698104318930582
0.5165645705713214,-0.6406154137098596
0.5166895861982748,-0.618407847063241
0.5168146018252282,-0.6783221515696546
0.5169396174521815,-0.7545661099231736
0.517064633079135,-0.7426896681662228
0.5171896487060883,-0.747150897185678
0.5173146643330416,-0.7044729627077536
0.5174396799599951,-0.7058757676132851
0.5175646955869484,-0.8021835676467292
0.5176897112139017,-0.7218586305427516
0.5178147268408552,-0.7760016572527165
0.5179397424678085,-0.7163183404900509
0.5180647580947619,-0.7347777103158479
0.5181897737217153,-0.6940591472294595
0.5183147893486686,-0.6589778546354866
0.518439804975622,-0.5694484968576592
0.5185648206025754,-0.5294260965216363
0.5186898362295287,-0.5218513389798711
0.5188148518564821,-0.553745791637466
0.5189398674834355,-0.38089498176069314
0.5190648831103888,-0.43883800819472507
0.5191898987373422,-0.42306345843631676
0.5193149143642956,-0.27440685659825265
0.519439929991249,0.002081656592109823
0.5195649456182023,-0.1752890659268829
0.5196899612451557,-0.16659096874187249
0.5198149768721091,-0.045555079012839124
0.5199399924990624,0.08111768710374917
0.5200650081260157,-0.007255726428086853
0.5201900237529692,0.03909747422820222
0.5203150393799225,0.10335380730383505
0.5204400550068758,0.01278565258711304
0.5205650706338293,0.13989761672346324
0.5206900862607826,0.47796006365047333
0.520815101887736,0.5255421375214683
0.5209401175146894,0.32838376634330946
0.5210651331416427,0.5753524767100381
0.5211901487685962,0.438939090646053
0.5213151643955495,0.593822390562543
0.5214401800225028,0.5863524276437613
0.5215651956494562,0.4995114754337413
0.5216902112764096,0.7671815686634
0.5218152269033629,0.707731453204942
0.5219402425303163,0.7600930575782051
0.5220652581572697,0.7249722969493787
0.5221902737842231,0.5419788983054417
0.5223152894111764,0.8738968872315127
0.5224403050381298,0.6981876592085385
0.5225653206650832,0.7761185812678885
0.5226903362920365,0.8387822633451804
0.5228153519189899,0.7267528021726782
0.5229403675459433,0.667502055396133
0.5230653831728966,0.7709030838535682
0.52319039879985,0.7131269577747925
0.5233154144268034,0.8325450528343056
0.5234404300537567,0.5606156606498974
0.5235654456807102,0.6364022788471289
0.5236904613076635,0.6169856058021055
0.5238154769346168,0.6083507614577399
0.5239404925615703,0.6548184809645511
0.5240655081885236,0.5894352226361012
0.5241905238154769,0.5077875856371735
0.5243155394424304,0.5911274610450296
0.5244405550693837,0.4923188390226604
0.524565570696337,0.3232466327718419
0.5246905863232905,0.3368157664443376
0.5248156019502438,0.4603350768028966
0.5249406175771972,0.3912795199840202
0.5250656332041506,0.47760784543304524
0.5251906488311039,0.27276886392480537
0.5253156644580573,0.46388678737011874
0.5254406800850107,0.39495804295394465
0.525565695711964,0.385100667082101
0.5256907113389174,0.3532725475403358
0.5258157269658708,0.3088813156641567
0.5259407425928241,0.3442488878300483
0.5260657582197775,0.1793982192587756
0.5261907738467309,0.2521759635993859
0.5263157894736843,0.34443359171608007
0.5264408051006376,0.2545671490524645
0.526565820727591,0.41748306948676905
0.5266908363545444,0.17829867567904475
0.5268158519814977,0.19361303875207206
0.526940867608451,0.08781606708378818
0.5270658832354045,0.22266449237420766
0.5271908988623578,0.21517947939405074
0.5273159144893111,0.1575585359350873
0.5274409301162646,0.1906618363605647
0.5275659457432179,0.2915043965594147
0.5276909613701714,0.09492283807845896
0.5278159769971247,0.07609346249898608
0.527940992624078,0.07207955709511883
0.5280660082510314,0.05200035521285568
0.5281910238779848,0.22795610381583142
0.5283160395049381,0.17207794046220246
0.5284410551318915,0.22719290811672027
0.5285660707588449,0.2582185187293928
0.5286910863857983,0.18095420181925184
0.5288161020127516,0.25834849000969
0.528941117639705,0.15578650585427256
0.5290661332666584,0.023009355357774354
0.5291911488936117,0.014673101741565374
0.5293161645205651,-0.00940209837368922
0.5294411801475185,0.0011896605525308457
0.5295661957744718,-0.1439933055440009
0.5296912114014252,-0.028340482241087882
0.5298162270283786,-0.008221422668483292
0.5299412426553319,0.06348407378902542
0.5300662582822854,-0.0340636606711257
0.5301912739092387,-0.053561992012335295
0.530316289536192,0.079248376321786
0.5304413051631455,-0.12527445816783733
0.5305663207900988,-0.06034879595927752
0.5306913364170521,-0.131274926160835
0.5308163520440056,0.0024196513046872113
0.5309413676709589,-0.20840379420511265
0.5310663832979122,-0.01325482115588096
0.5311913989248657,-0.1643054330586942
0.531316414551819,-0.22534506033909765
0.5314414301787724,-0.24662391493436134
0.5315664458057258,-0.1455682178712012
0.5316914614326791,-0.18696763236058866
0.5318164770596325,-0.2013016376663766
0.5319414926865859,-0.17658008383527776
0.5320665083135392,-0.13643132577873188
0.5321915239404926,-0.23410921551426972
0.532316539567446,-0.08480021184825187
0.5324415551943993,-0.3574726408159515
0.5325665708213527,-0.21146769435531246
0.532691586448306,-0.16416368540761156
0.5328166020752595,-0.1490477830635838
0.5329416177022128,-0.326439571697743
0.5330666333291662,-0.29951588238854415
0.5331916489561196,-0.26169912110807186
0.5333166645830729,-0.35108076526064236
0.5334416802100262,-0.3130017760964172
0.5335666958369797,-0.19764940803421305
0.533691711463933,-0.24814069935208838
0.5338167270908863,-0.16323263313461162
0.5339417427178398,-0.22013459540527414
0.5340667583447931,-0.2095098118966039
0.5341917739717466,-0.2305993227044095
0.5343167895986999,-0.2636794565470443
0.5344418052256532,-0.2882689189308568
0.5345668208526067,-0.1303880915068149
0.53469183647956,-0.4169899466683289
0.5348168521065133,-0.20703447688851626
0.5349418677334667,-0.3640323633265649
0.5350668833604201,-0.34423153983834104
0.5351918989873734,-0.38035241150315524
0.5353169146143268,-0.25301193190002913
0.5354419302412802,-0.4044343616424959
0.5355669458682336,-0.4949986616010448
0.5356919614951869,-0.6095859073519692
0.5358169771221403,-0.5847869411358639
0.5359419927490937,-0.6161902015973659
0.536067008376047,-0.6453426484489434
0.5361920240030004,-0.473739947747519
0.5363170396299538,-0.8024865519579897
0.5364420552569071,-0.48814510085478185
0.5365670708838605,-0.7210208973968595
0.5366920865108139,-0.6457684280254006
0.5368171021377672,-0.5787376061105552
0.5369421177647207,-0.7830215239034638
0.537067133391674,-0.7748593146999307
0.5371921490186273,-0.7946699103151159
0.5373171646455808,-0.8686834863503351
0.5374421802725341,-0.7622239848414816
0.5375671958994874,-0.6633295882699445
0.5376922115264409,-0.6654734295060294
0.5378172271533942,-0.6278224163001621
0.5379422427803476,-0.5302684435796585
0.538067258407301,-0.6461642306444455
0.5381922740342543,-0.5565569525645357
0.5383172896612077,-0.6504407668903804
0.5384423052881611,-0.5669355303800436
0.5385673209151144,-0.6618677093851453
0.5386923365420678,-0.404711608119468
0.5388173521690212,-0.46146847604344016
0.5389423677959745,-0.4776973844319795
0.5390673834229279,-0.5639159967719097
0.5391923990498813,-0.3397987735577452
0.5393174146768347,-0.15232351891359905
0.539442430303788,-0.15396129255296412
0.5395674459307414,-0.3005763313267932
0.5396924615576948,-0.06890540608302427
0.5398174771846481,0.01648836672475712
0.5399424928116014,-0.1258402672847784
0.5400675084385549,-0.020265997108688937
0.5401925240655082,0.0254875826954005
0.5403175396924615,-0.05306391507839869
0.540442555319415,0.2623787033433166
0.5405675709463683,0.30820881514339826
0.5406925865733218,0.32767866012434227
0.5408176022002751,0.5017632320710593
0.5409426178272284,0.49089068513852924
0.5410676334541819,0.32669363749707236
0.5411926490811352,0.35579552321919095
0.5413176647080885,0.6027815563202807
0.541442680335042,0.5709325982842937
0.5415676959619953,0.6326859783763048
0.5416927115889486,0.5506467420209075
0.541817727215902,0.6593927630446569
0.5419427428428554,0.6873187109390956
0.5420677584698088,0.7092115481537845
0.5421927740967621,0.728410386030866
0.5423177897237155,0.5713593873421408
0.5424428053506689,0.7026803626865263
0.5425678209776222,0.7337161345947832
0.5426928366045756,0.6175824763797825
0.542817852231529,0.6385133449092021
0.5429428678584823,0.712669764499672
0.5430678834854357,0.7498824051493022
0.5431928991123891,0.6957738778778892
0.5433179147393424,0.717599084586444
0.5434429303662959,0.6098671726854148
0.5435679459932492,0.8044432701729857
0.5436929616202025,0.6636333056645118
0.543817977247156,0.8281307606542357
0.5439429928741093,0.5388517832834675
0.5440680085010626,0.6953204244947321
0.5441930241280161,0.5977387912912991
0.5443180397549694,0.5374393302451358
0.5444430553819227,0.5472629928832424
0.5445680710088762,0.5338402281494093
0.5446930866358295,0.35479146059607747
0.5448181022627829,0.4993617268689634
0.5449431178897363,0.5234000771121914
0.5450681335166896,0.4610902209191043
0.545193149143643,0.2074757949406838
0.5453181647705964,0.3216869283778242
0.5454431803975497,0.36016699227632304
0.5455681960245031,0.19651122788177777
0.5456932116514565,0.2671025144168134
0.5458182272784098,0.4028890381781818
0.5459432429053632,0.36811965274988967
0.5460682585323166,0.15295006956042395
0.54619327415927,0.26535413473354613
0.5463182897862233,0.2822527242577212
0.5464433054131766,0.24297832374607972
0.5465683210401301,0.04813928055294086
0.5466933366670834,0.3633275617240508
0.5468183522940367,0.3226861399579821
0.5469433679209902,0.22421073159401322
0.5470683835479435,0.2513336728609682
0.5471933991748968,0.17912042177318407
0.5473184148018503,0.2113666798701994
0.5474434304288036,0.2026289449243345
0.547568446055757,0.22937482126273565
0.5476934616827104,0.4873321035367787
0.5478184773096637,0.14339905328155733
0.5479434929366171,0.18881750212398718
0.5480685085635705,0.23744080686861088
0.5481935241905238,0.2919192078767298
0.5483185398174772,0.23535809874500066
0.5484435554444306,0.22302872297471027
0.548568571071384,0.30517192080737776
0.5486935866983373,0.14963014415505604
0.5488186023252907,0.26131604670975656
0.5489436179522441,0.042475766265788126
0.5490686335791974,0.08998255871798902
0.5491936492061508,0.06581516551941725
0.5493186648331042,-0.013037193251694308
0.5494436804600575,0.014938302973527072
0.5495686960870109,0.13484270819247457
0.5496937117139643,0.12267608847416402
0.5498187273409176,0.14313383810438401
0.5499437429678711,0.13016045544538185
0.5500687585948244,-0.015888858052993355
0.5501937742217777,0.0377005143682126
0.5503187898487312,-0.12652992321310869
0.5504438054756845,0.07893216173622189
0.5505688211026378,-0.19387353260623932
0.5506938367295913,-0.06229428161900877
0.5508188523565446,-0.05685991654913322
0.5509438679834979,-0.0630791745643854
0.5510688836104514,0.02970516983647995
0.5511938992374047,-0.052087513282626334
0.5513189148643581,-0.09367764312356505
0.5514439304913115,-0.06630566021267786
0.5515689461182648,-0.08803987578751178
0.5516939617452182,-0.10322369109642418
0.5518189773721716,-0.2841373509210538
0.5519439929991249,-0.2077818941008724
0.5520690086260783,-0.040659631847955305
0.5521940242530317,-0.21192951774590163
0.552319039879985,-0.19957027396341495
0.5524440555069384,-0.20243643511216672
0.5525690711338918,-0.2697904828862806
0.5526940867608452,-0.27340099390214806
0.5528191023877985,-0.12994318084470086
0.5529441180147519,-0.2713217210962636
0.5530691336417053,-0.22934015359002868
0.5531941492686586,-0.19519958188505404
0.553319164895612,-0.35855321393428374
0.5534441805225654,-0.23010580268058278
0.5535691961495187,-0.4818629585850983
0.553694211776472,-0.20085348799154273
0.5538192274034255,-0.2733743280538375
0.5539442430303788,-0.2909165752091366
0.5540692586573323,-0.19447991427700317
0.5541942742842856,-0.09932388618462577
0.5543192899112389,-0.4877839161454346
0.5544443055381924,-0.4437656109548131
0.5545693211651457,-0.17771708087743193
0.554694336792099,-0.27698768552121
0.5548193524190524,-0.4084818668806352
0.5549443680460058,-0.395307078249067
0.5550693836729591,-0.3662152831621292
0.5551943992999125,-0.5431842847244329
0.5553194149268659,-0.36442917317019546
0.5554444305538193,-0.4033860903549584
0.5555694461807726,-0.5895242372655646
0.555694461807726,-0.6381470750488072
0.5558194774346794,-0.6117277916825385
0.5559444930616327,-0.7672627239122349
0.5560695086885861,-0.6628683417556107
0.5561945243155395,-0.5417519442808305
0.5563195399424928,-0.7416456440969194
0.5564445555694462,-0.6736851927867964
0.5565695711963996,-0.5735086994768129
0.5566945868233529,-0.6592481870889124
0.5568196024503064,-0.7519758235714357
0.5569446180772597,-0.7122152628424118
0.557069633704213,-0.6967154159696844
0.5571946493311665,-0.7437964643424654
0.5573196649581198,-0.6242426205230773
0.5574446805850731,-0.7628235266224161
0.5575696962120266,-0.6967314502221372
0.5576947118389799,-0.5714542032756242
0.5578197274659332,-0.5999759149437198
0.5579447430928867,-0.5992303473915798
0.55806975871984,-0.5782716746281535
0.5581947743467934,-0.5013023876138978
0.5583197899737468,-0.7287074279711333
0.5584448056007001,-0.5245789463048887
0.5585698212276535,-0.4866972167476551
0.5586948368546069,-0.50629996484439
0.5588198524815602,-0.5276482556605744
0.5589448681085136,-0.5394042170110287
0.559069883735467,-0.48495678787451096
0.5591948993624204,-0.31983445278376627
0.5593199149893737,-0.3180351910022348
0.559444930616327,-0.3147569510599607
0.5595699462432805,-0.1607399220607065
0.5596949618702338,-0.08552226430852633
0.5598199774971871,-0.1108889454226896
0.5599449931241406,0.021171706147637477
0.5600700087510939,-0.16491540780067993
0.5601950243780472,0.08022293297066782
0.5603200400050007,0.271256107712305
0.560445055631954,0.16923610484826695
0.5605700712589075,0.19860697010323267
0.5606950868858608,0.23380316728801157
0.5608201025128141,0.2158126618540555
0.5609451181397676,0.3039027965996289
0.5610701337667209,0.504273752480174
0.5611951493936742,0.3513344644855455
0.5613201650206276,0.3970310516243919
0.561445180647581,0.5556982090269871
0.5615701962745343,0.5248054617981791
0.5616952119014877,0.6782336237683407
0.5618202275284411,0.6119081591460153
0.5619452431553945,0.7562443242385185
0.5620702587823478,0.6813036115013401
0.5621952744093012,0.5697592767535216
0.5623202900362546,0.7864458872427452
0.5624453056632079,0.6266650714895207
0.5625703212901613,0.7257976488276723
0.5626953369171147,0.8349663581643386
0.562820352544068,0.7485215172439034
0.5629453681710214,0.6492256341570429
0.5630703837979748,0.666549555050856
0.5631953994249281,0.8063159620060248
0.5633204150518816,0.6107855077180857
0.5634454306788349,0.5981581705358284
0.5635704463057882,0.6475136055825671
0.5636954619327417,0.6659609327392613
0.563820477559695,0.40347138158811396
0.5639454931866483,0.545464856117172
0.5640705088136018,0.30702613107949384
0.5641955244405551,0.39824010558117057
0.5643205400675084,0.55853890868035
0.5644455556944619,0.4913880385235288
0.5645705713214152,0.3619182662630036
0.5646955869483686,0.474124561491707
0.564820602575322,0.47904646232791137
0.5649456182022753,0.27825981950591233
0.5650706338292287,0.41203166519814294
0.5651956494561821,0.46906535306880903
0.5653206650831354,0.17607958882684976
0.5654456807100888,0.3274133309570456
0.5655706963370422,0.4965607586757916
0.5656957119639955,0.15246428807538698
0.5658207275909489,0.17291235125388726
0.5659457432179023,0.38898444966394463
0.5660707588448557,0.2344822144067275
0.566195774471809,0.2703036233831856
0.5663207900987623,0.13181961373814532
0.5664458057257158,0.25224354191843773
0.5665708213526691,0.20007717976393263
0.5666958369796224,0.43842764644600024
0.5668208526065759,0.1805689746066691
0.5669458682335292,0.09200789134418408
0.5670708838604825,0.22333836457414868
0.567195899487436,0.16497780744404325
0.5673209151143893,0.23578639851539832
0.5674459307413428,0.2942531370919221
0.5675709463682961,0.1237089312741891
0.5676959619952494,0.20807353456500033
0.5678209776222028,0.15569813971074475
0.5679459932491562,0.08868988126954161
0.5680710088761095,0.12247269238765818
0.568196024503063,0.19742228926105998
0.5683210401300163,0.02805170881266347
0.5684460557569697,0.03968419231900413
0.568571071383923,0.1693566000694382
0.5686960870108764,0.06660963829800284
0.5688211026378298,0.12362734200720708
0.5689461182647831,0.09967982856363804
0.5690711338917365,0.14154902928563842
0.5691961495186899,0.14373969871223338
0.5693211651456432,0.20465857416663585
0.5694461807725966,0.08424560187486192
0.56957119639955,0.027307839186197273
0.5696962120265033,-0.014421258397283965
0.5698212276534568,-0.10935847093937101
0.5699462432804101,0.12700831492509013
0.5700712589073634,-0.041094145106410546
0.5701962745343169,-0.10108192672572333
0.5703212901612702,-0.04625827197966319
0.5704463057882235,-0.022634150428954104
0.570571321415177,-0.13779648610008705
0.5706963370421303,-0.19892241083904513
0.5708213526690836,-0.011346617336169386
0.5709463682960371,-0.042148659474024554
0.5710713839229904,0.01844506326648142
0.5711963995499438,-0.14286861666713946
0.5713214151768972,-0.2340720171776543
0.5714464308038505,-0.17352227103239776
0.5715714464308039,-0.01882062042328175
0.5716964620577573,-0.19868402366880178
0.5718214776847106,-0.17506147700298336
0.571946493311664,-0.15909616421990586
0.5720715089386174,-0.2593427627890814
0.5721965245655707,-0.2414035984766546
0.5723215401925241,-0.32855124203776304
0.5724465558194775,-0.2203530415614307
0.5725715714464309,-0.09769546168139702
0.5726965870733842,-0.20236151766905416
0.5728216027003376,-0.12508206807746367
0.572946618327291,-0.22500944772739676
0.5730716339542443,-0.33517719345267893
0.5731966495811976,-0.24329391741818063
0.5733216652081511,-0.18249358688023748
0.5734466808351044,-0.14805021592018636
0.5735716964620577,-0.2611269381484461
0.5736967120890112,-0.3967745905547992
0.5738217277159645,-0.1664986465563178
0.573946743342918,-0.34344466097933346
0.5740717589698713,-0.4000150278326075
0.5741967745968246,-0.2954466019100582
0.574321790223778,-0.3682779314747848
0.5744468058507314,-0.2264474812846623
0.5745718214776847,-0.3512851286467546
0.5746968371046381,-0.31935135167752277
0.5748218527315915,-0.4916938481130876
0.5749468683585448,-0.40280121419790943
0.5750718839854982,-0.34222070852323
0.5751968996124516,-0.4621016681319188
0.575321915239405,-0.352652565336295
0.5754469308663583,-0.5504144189169269
0.5755719464933117,-0.49661310400044467
0.5756969621202651,-0.5163109531813004
0.5758219777472184,-0.5799351836059258
0.5759469933741718,-0.7833908960716663
0.5760720090011252,-0.40622986845583814
0.5761970246280785,-0.5581850147290032
0.5763220402550319,-0.654167091945811
0.5764470558819853,-0.7554692563256094
0.5765720715089386,-0.70716274409811
0.5766970871358921,-0.7336187109551925
0.5768221027628454,-0.9107325022102936
0.5769471183897987,-0.547642060797371
0.5770721340167522,-0.6082278694642258
0.5771971496437055,-0.6695318920223403
0.5773221652706588,-0.5553080444651187
0.5774471808976123,-0.6747144679914174
0.5775721965245656,-0.7720026190988211
0.5776972121515189,-0.6767686048956181
0.5778222277784724,-0.6791806506115495
0.5779472434054257,-0.7887118597631748
0.5780722590323791,-0.7456455660680015
0.5781972746593325,-0.6768414780153237
0.5783222902862858,-0.5384444817220934
0.5784473059132392,-0.3267737122379167
0.5785723215401926,-0.5219162500002971
0.5786973371671459,-0.29248070528107034
0.5788223527940993,-0.7347802481875101
0.5789473684210527,-0.27728719847169964
0.5790723840480061,-0.5005354830271856
0.5791973996749594,-0.38498036298462734
0.5793224153019128,-0.24413041781031514
0.5794474309288662,-0.0674941304838255
0.5795724465558195,-0.1842756434481317
0.5796974621827728,0.014989391217986434
0.5798224778097263,-0.015170569923466855
0.5799474934366796,0.1409201997871196
0.580072509063633,0.1265229785366471
0.5801975246905864,0.027942420002686878
0.5803225403175397,0.267624479855179
0.5804475559444932,0.1748058444871212
0.5805725715714465,0.23285824609119213
0.5806975871983998,0.4455699199767595
0.5808226028253533,0.23021761822962852
0.5809476184523066,0.37539193892298045
0.5810726340792599,0.3472326867364997
0.5811976497062133,0.37531103751605094
0.5813226653331667,0.3984937860103341
0.58144768096012,0.7870761075215863
0.5815726965870734,0.47360751698821835
0.5816977122140268,0.6982651155137694
0.5818227278409802,0.716629606402706
0.5819477434679335,0.6795278617753483
0.5820727590948869,0.6973723896022486
0.5821977747218403,0.8262198269132482
0.5823227903487936,0.7622605835374754
0.582447805975747,0.9355380298001696
0.5825728216027004,0.6974795392503912
0.5826978372296537,0.8230527972990236
0.5828228528566071,0.8152329692021252
0.5829478684835605,0.7173007931494476
0.5830728841105138,0.6547797630767253
0.5831978997374673,0.8092878933109164
0.5833229153644206,0.675039830505465
0.5834479309913739,0.5505001857125806
0.5835729466183274,0.7335449265758355
0.5836979622452807,0.675380998655553
0.583822977872234,0.616700619280098
0.5839479934991875,0.5415295481905302
0.5840730091261408,0.5956080743836463
0.5841980247530941,0.4529137447798979
0.5843230403800476,0.38240056551090873
0.5844480560070009,0.510701850152107
0.5845730716339543,0.48773264595212834
0.5846980872609077,0.3127982595573657
0.584823102887861,0.3238786422376343
0.5849481185148144,0.42226635837657805
0.5850731341417678,0.2918431556339725
0.5851981497687211,0.2851723988049826
0.5853231653956745,0.4196575679074329
0.5854481810226279,0.2697328238227198
0.5855731966495812,0.325090131883292
0.5856982122765346,0.22634113939560535
0.585823227903488,0.16707795229208713
0.5859482435304414,0.27443043342233947
0.5860732591573947,0.2204647763864381
0.586198274784348,0.2253617846788015
0.5863232904113015,0.3487474656154085
0.5864483060382548,0.2076241867742072
0.5865733216652081,0.3202633163439028
0.5866983372921616,0.32262702089058864
0.5868233529191149,0.19630398899976362
0.5869483685460682,0.34239407446649284
0.5870733841730217,0.08988076715645112
0.587198399799975,0.33798674865415457
0.5873234154269285,0.17336361125578503
0.5874484310538818,0.28455339729737666
0.5875734466808351,0.1802236962206259
0.5876984623077885,0.1451692843682714
0.5878234779347419,0.08649941644494404
0.5879484935616952,0.07196499525515773
0.5880735091886486,0.19195704457986668
0.588198524815602,0.24331262032155693
0.5883235404425553,0.04600432124898175
0.5884485560695087,0.2190954835228252
0.5885735716964621,0.19563518727580997
0.5886985873234155,0.05195525865730097
0.5888236029503688,0.20586908117308655
0.5889486185773222,0.23224217070569464
0.5890736342042756,0.10032115432179414
0.5891986498312289,0.014566320338892347
0.5893236654581823,0.26482518936402516
0.5894486810851357,0.05012566054667716
0.589573696712089,0.07925861725541147
0.5896987123390425,0.14387786026196306
0.5898237279659958,0.14726725054298878
0.5899487435929491,-0.007430120243148107
0.5900737592199026,-0.044474496652929824
0.5901987748468559,0.14990062814438268
0.5903237904738092,0.005021677606756668
0.5904488061007627,-0.13636850074141735
0.590573821727716,0.08477679759840534
0.5906988373546693,0.010005810701270585
0.5908238529816228,-0.17206054566901696
0.5909488686085761,-0.05510283252272148
0.5910738842355295,-0.10017603136966373
0.5911988998624829,-0.1305138689660969
0.5913239154894362,-0.01638298346773204
0.5914489311163896,-0.07459878427491151
0.591573946743343,-0.20159998475260887
0.5916989623702963,-0.20308081114527665
0.5918239779972497,-0.14027560009490833
0.5919489936242031,-0.29900265637563833
0.5920740092511564,-0.2924880446932379
0.5921990248781098,-0.0433108165475156
0.5923240405050632,-0.1356851750534934
0.5924490561320166,-0.17699887617339952
0.5925740717589699,-0.27029692530528276
0.5926990873859233,-0.29607406667699376
0.5928241030128767,-0.17620964239279313
0.59294911863983,-0.25791474425654654
0.5930741342667833,-0.1866546327343853
0.5931991498937368,-0.36120023896717
0.5933241655206901,-0.23142761276579066
0.5934491811476434,-0.2061603112001846
0.5935741967745969,-0.07512129690833594
0.5936992124015502,-0.2031357407030288
0.5938242280285037,-0.21220165700553686
0.593949243655457,-0.12625882630049368
0.5940742592824103,-0.35595767454682
0.5941992749093638,-0.346373510799534
0.5943242905363171,-0.20391462349845937
0.5944493061632704,-0.38729241785966
0.5945743217902238,-0.4202702322946422
0.5946993374171772,-0.35944623945825427
0.5948243530441305,-0.3210222555686691
0.594949368671084,-0.38685032341115205
0.5950743842980373,-0.4002144799462366
0.5951993999249907,-0.31658629852334125
0.595324415551944,-0.5803535603410338
0.5954494311788974,-0.35205980173342066
0.5955744468058508,-0.5347876935530098
0.5956994624328041,-0.5982821204783767
0.5958244780597575,-0.5491393540781062
0.5959494936867109,-0.6559114183462491
0.5960745093136642,-0.5692969451650296
0.5961995249406176,-0.6735869671826886
0.596324540567571,-0.7136100946792028
0.5964495561945243,-0.5778877849251763
0.5965745718214778,-0.6281747121312053
0.5966995874484311,-0.6509901704068907
0.5968246030753844,-0.7219448501206623
0.5969496187023379,-0.7601630331171244
0.5970746343292912,-0.9577593333993997
0.5971996499562445,-0.949818973931956
0.597324665583198,-0.7721877529211014
0.5974496812101513,-0.7416679229162482
0.5975746968371046,-0.6013663420177524
0.5976997124640581,-0.6366488488680078
0.5978247280910114,-0.626452620760772
0.5979497437179648,-0.5892873249542442
0.5980747593449182,-0.7899966288006005
0.5981997749718715,-0.5440443294862788
0.5983247905988249,-0.5791042245888375
0.5984498062257783,-0.49359632881871196
0.5985748218527316,-0.5629583502450303
0.598699837479685,-0.41771711085780744
0.5988248531066384,-0.5700143895177618
0.5989498687335917,-0.33501642401625276
0.5990748843605451,-0.24916989230349776
0.5991998999874985,-0.34021238443980045
0.5993249156144519,-0.32957695636866713
0.5994499312414052,-0.25740494050238993
0.5995749468683585,-0.2820877587284035
0.599699962495312,-0.030433941658827592
0.5998249781222653,0.03411543163175521
0.5999499937492186,-0.07330900824229915
0.6000750093761721,-0.07544678113223403
0.6002000250031254,0.16579445385181069
0.6003250406300789,0.15079500967048454
0.6004500562570322,0.294908354984504
0.6005750718839855,0.1747743717058033
0.600700087510939,0.13505330846636868
0.6008251031378923,0.5248098353889353
0.6009501187648456,0.5205401459237743
0.601075134391799,0.557108341373257
0.6012001500187524,0.4434678745886049
0.6013251656457057,0.45407911791077527
0.6014501812726591,0.7635586025897365
0.6015751968996125,0.5949630535760331
0.6017002125265659,0.5117021649679556
0.6018252281535192,0.6821608134710259
0.6019502437804726,0.65543398369423
0.602075259407426,0.5675229025984083
0.6022002750343793,0.6180373419034895
0.6023252906613327,0.6590731748380938
0.6024503062882861,0.7231251967496002
0.6025753219152394,0.7818424223851103
0.6027003375421928,0.6458034742658013
0.6028253531691462,0.6595852283266712
0.6029503687960995,0.943560874561038
0.603075384423053,0.7379266515227436
0.6032004000500063,0.7712943969775627
0.6033254156769596,0.6878072622940974
0.6034504313039131,0.7006961014964702
0.6035754469308664,0.7246241123218767
0.6037004625578197,0.5899412209904243
0.6038254781847732,0.7527682533678719
0.6039504938117265,0.49391353032759866
0.6040755094386798,0.5175442790113157
0.6042005250656333,0.5612609757825361
0.6043255406925866,0.41313332986657963
0.60445055631954,0.5519865358754482
0.6045755719464934,0.41251919314870067
0.6047005875734467,0.5413557083464418
0.6048256032004001,0.36201094907184306
0.6049506188273535,0.5193881553812167
0.6050756344543068,0.3739359999650725
0.6052006500812602,0.2617900569297373
0.6053256657082136,0.2734437765278077
0.6054506813351669,0.32333040767333715
0.6055756969621203,0.42471485100495265
0.6057007125890737,0.5256998395310202
0.6058257282160271,0.19884507056489395
0.6059507438429804,0.3512129319014568
0.6060757594699338,0.32774701121680877
0.6062007750968872,0.27094321684372985
0.6063257907238405,0.06021789241505857
0.6064508063507938,0.1487373738598414
0.6065758219777473,0.16359306967617865
0.6067008376047006,0.2551875840402635
0.6068258532316539,0.09217084802323812
0.6069508688586074,0.18540683180690434
0.6070758844855607,0.1717156271952155
0.6072009001125142,0.20570026511901324
0.6073259157394675,0.20607645792048232
0.6074509313664208,0.05021016230667698
0.6075759469933742,0.3506004209441624
0.6077009626203276,0.07512299104446868
0.6078259782472809,0.24153849643055708
0.6079509938742343,0.32278143166253537
0.6080760095011877,0.3186500695483468
0.608201025128141,0.20793619717659467
0.6083260407550944,0.1115802025273812
0.6084510563820478,-0.003222747606394978
0.6085760720090012,0.09020647919289503
0.6087010876359545,0.09066750344292958
0.6088261032629079,0.08978205579329167
0.6089511188898613,0.18602209511203247
0.6090761345168146,0.14957151737325755
0.609201150143768,0.1930567306841838
0.6093261657707214,0.19193677290215996
0.6094511813976747,0.13436745498532437
0.6095761970246282,0.04158284543143691
0.6097012126515815,-0.009985167416638066
0.6098262282785348,0.17094157906151866
0.6099512439054883,-0.09620270194517644
0.6100762595324416,-0.13792897504430002
0.6102012751593949,0.09942309605389384
0.6103262907863484,-0.055622216736156575
0.6104513064133017,0.14143137223735924
0.610576322040255,-0.03186030690393352
0.6107013376672085,-0.3006719241827987
0.6108263532941618,-0.04835870070550135
0.6109513689211152,-0.10463283761980939
0.6110763845480686,-0.12785961212688673
0.6112014001750219,-0.1250888229677807
0.6113264158019753,-0.07192723894782926
0.6114514314289287,-0.20792734977801525
0.611576447055882,-0.2117909734012661
0.6117014626828354,-0.27843315493453635
0.6118264783097888,-0.07817170633245563
0.6119514939367421,-0.2082355675110282
0.6120765095636955,-0.17757419852176579
0.6122015251906489,-0.1703822724463789
0.6123265408176023,-0.05209384145547574
0.6124515564445556,-0.24337580958202268
0.612576572071509,-0.1684276201235115
0.6127015876984624,-0.3097989110306337
0.6128266033254157,-0.018058105207504928
0.612951618952369,-0.24445154424330842
0.6130766345793225,-0.28115372575156866
0.6132016502062758,-0.1881716218181021
0.6133266658332291,-0.30427898482845817
0.6134516814601826,-0.19595180638724247
0.6135766970871359,-0.44132656381162166
0.6137017127140894,-0.23877443189290226
0.6138267283410427,-0.007415887716982107
0.613951743967996,-0.2972767730022307
0.6140767595949495,-0.28448044690013236
0.6142017752219028,-0.13352259291773183
0.6143267908488561,-0.347443509558143
0.6144518064758095,-0.30756923946568204
0.6145768221027629,-0.27796935193204264
0.6147018377297162,-0.30738691571892174
0.6148268533566696,-0.4340361349058702
0.614951868983623,-0.4149083586055599
0.6150768846105764,-0.5659064949306098
0.6152019002375297,-0.5925407473711165
0.6153269158644831,-0.5189155333547192
0.6154519314914365,-0.5720356332395485
0.6155769471183898,-0.6672910267972799
0.6157019627453432,-0.5158098080578025
0.6158269783722966,-0.6127993034151681
0.6159519939992499,-0.6114175155835698
0.6160770096262033,-0.5913655755604295
0.6162020252531567,-0.5742122233132163
0.61632704088011,-0.5515388518492415
0.6164520565070635,-0.526844754200809
0.6165770721340168,-0.6810845704368846
0.6167020877609701,-0.7386210579453797
0.6168271033879236,-0.6992741583199394
0.6169521190148769,-0.7090443670586843
0.6170771346418302,-0.9099789915736212
0.6172021502687837,-0.5738744188248084
0.617327165895737,-0.8392087778392437
0.6174521815226903,-0.8608766567890996
0.6175771971496438,-0.6828628998892868
0.6177022127765971,-0.6880253753778209
0.6178272284035505,-0.6932535326733157
0.6179522440305039,-0.8186537110085569
0.6180772596574572,-0.6418475514449231
0.6182022752844106,-0.7464802830703504
0.618327290911364,-0.6207612938153699
0.6184523065383173,-0.6894325752342527
0.6185773221652707,-0.6330745239274544
0.618702337792224,-0.5869755671435642
0.6188273534191774,-0.36151327960474383
0.6189523690461308,-0.2539400362318872
0.6190773846730842,-0.4777933123614402
0.6192024003000376,-0.28544881756447343
0.6193274159269909,-0.28180149431381224
0.6194524315539442,-0.39114399791611687
0.6195774471808977,-0.28811754725434446
0.619702462807851,-0.07184469106523883
0.6198274784348043,0.06917343474780034
0.6199524940617578,0.12411846449201222
0.6200775096887111,0.11192286310577432
0.6202025253156646,0.24020893745379804
0.6203275409426179,0.1330087024767101
0.6204525565695712,0.004442508944601367
0.6205775721965247,0.2671996910291362
0.620702587823478,0.331791657470122
0.6208276034504313,0.42343732036176207
0.6209526190773847,0.5041039597348914
0.6210776347043381,0.4554452074815936
0.6212026503312914,0.6460191223526849
0.6213276659582448,0.5253010289023846
0.6214526815851982,0.5407045095007693
0.6215776972121516,0.6395870734062867
0.6217027128391049,0.5783462290264839
0.6218277284660583,0.7405391626332944
0.6219527440930117,0.7211696646512586
0.622077759719965,0.7876425078003281
0.6222027753469184,0.7029562523257824
0.6223277909738718,0.7485401891598161
0.6224528066008251,0.7028280975135305
0.6225778222277785,0.6658465238510879
0.6227028378547319,0.7223398490093028
0.6228278534816852,0.7187606915106695
0.6229528691086387,0.7021297712095218
0.623077884735592,0.6058592707656021
0.6232029003625453,0.6656284098941601
0.6233279159894988,0.7569234611781132
0.6234529316164521,0.5625041716632015
0.6235779472434054,0.754921942436584
0.6237029628703589,0.6028961802903325
0.6238279784973122,0.6890459282462799
0.6239529941242655,0.6567390451574598
0.624078009751219,0.6859892352031777
0.6242030253781723,0.47738059557273793
0.6243280410051257,0.6399455346835887
0.6244530566320791,0.49008352190953103
0.6245780722590324,0.4644023616894242
0.6247030878859858,0.5358943695898458
0.6248281035129392,0.6585282477903066
0.6249531191398925,0.3800595615549998
0.6250781347668459,0.3091653896775972
0.6252031503937993,0.26627560455004606
0.6253281660207526,0.40810401066667423
0.625453181647706,0.3482316970956801
0.6255781972746594,0.36364832212249376
0.6257032129016128,0.41464266204514466
0.6258282285285661,0.23871798156754095
0.6259532441555195,0.17602982022003943
0.6260782597824729,0.11951852998613431
0.6262032754094262,0.2806190646169391
0.6263282910363795,0.2731393253891277
0.626453306663333,0.37893318997801756
0.6265783222902863,0.28237607448844365
0.6267033379172396,0.17852587852797763
0.6268283535441931,0.1824945436367729
0.6269533691711464,0.11197824523511833
0.6270783847980999,0.31352283012599447
0.6272034004250532,0.15068389183627595
0.6273284160520065,0.16620158084556377
0.62745343167896,0.33367639804574306
0.6275784473059133,0.10367322054821126
0.6277034629328666,0.1961264499854625
0.62782847855982,0.1451457995606047
0.6279534941867734,0.22517136233124235
0.6280785098137267,0.06118256675919004
0.6282035254406801,0.16275482925632023
0.6283285410676335,0.31678110866029585
0.6284535566945869,0.038783639142658165
0.6285785723215402,0.3305778718158457
0.6287035879484936,0.1926090391454414
0.628828603575447,0.08007494398211772
0.6289536192024003,0.15555863272904025
0.6290786348293537,0.23296470002458633
0.6292036504563071,0.10946940893032991
0.6293286660832604,-0.050086479328338845
0.6294536817102138,0.12386753496447736
0.6295786973371672,0.03687086453501232
0.6297037129641205,-0.04279090114248014
0.629828728591074,-0.10813697591739524
0.6299537442180273,0.028008134246240962
0.6300787598449806,-0.09792755819822355
0.6302037754719341,-0.1314582682277547
0.6303287910988874,-0.11793080198797827
0.6304538067258407,-0.23244187662731236
0.6305788223527942,-0.12917272615383327
0.6307038379797475,-0.047006400896772535
0.6308288536067009,-0.032534663976637075
0.6309538692336543,-0.1886043234068643
0.6310788848606076,-0.013327994296396674
0.631203900487561,-0.17437401313815948
0.6313289161145144,-0.02754024788832102
0.6314539317414677,-0.22641535102950486
0.6315789473684211,-0.10710908509404056
0.6317039629953745,-0.21004148031691303
0.6318289786223278,-0.3525775237804009
0.6319539942492812,-0.12517963320355915
0.6320790098762346,-0.24136178159091345
0.632204025503188,-0.27877709760265623
0.6323290411301413,-0.23265264704313865
0.6324540567570947,-0.06721914003489642
0.6325790723840481,-0.2405875345540728
0.6327040880110014,-0.29515632941013226
0.6328291036379547,-0.1991986090133107
0.6329541192649082,-0.17670898246877342
0.6330791348918615,-0.0467057127407209
0.6332041505188148,-0.4426004009955628
0.6333291661457683,-0.38569807493539976
0.6334541817727216,-0.38275274628923855
0.633579197399675,-0.22746225079309418
0.6337042130266284,-0.35726645418510056
0.6338292286535817,-0.2555411587175779
0.6339542442805352,-0.28476478987956483
0.6340792599074885,-0.42350029847025084
0.6342042755344418,-0.31257825207849294
0.6343292911613952,-0.2855209271988484
0.6344543067883486,-0.39032386514379197
0.6345793224153019,-0.40187149577246273
0.6347043380422553,-0.3400158856065693
0.6348293536692087,-0.42891868087111384
0.6349543692961621,-0.27729164532627243
0.6350793849231154,-0.3791075497261565
0.6352044005500688,-0.5043624650382142
0.6353294161770222,-0.21933712479597736
0.6354544318039755,-0.4865482222615568
0.6355794474309289,-0.5732292164034848
0.6357044630578823,-0.5612561825097159
0.6358294786848356,-0.6495655031843003
0.635954494311789,-0.4998762734448569
0.6360795099387424,-0.6105090822427742
0.6362045255656957,-0.43240794117424014
0.6363295411926492,-0.5786448353393038
0.6364545568196025,-0.8344077867850903
0.6365795724465558,-0.6203570636810273
0.6367045880735093,-0.5255148997647893
0.6368296037004626,-0.8463736483394303
0.6369546193274159,-0.7799697721202401
0.6370796349543694,-0.66027207382061
0.6372046505813227,-0.6540808876706244
0.637329666208276,-0.6140424043047062
0.6374546818352295,-0.5111119985514805
0.6375796974621828,-0.6084206163321011
0.6377047130891362,-0.6691366662554329
0.6378297287160896,-0.6487779107060085
0.6379547443430429,-0.675138120564799
0.6380797599699963,-0.7154149615111092
0.6382047755969497,-0.5418120623166742
0.638329791223903,-0.6061448296567016
0.6384548068508564,-0.6103766217757588
0.6385798224778098,-0.619990186646681
0.6387048381047631,-0.41467660276547674
0.6388298537317165,-0.40490624559474686
0.6389548693586699,-0.3816432508308176
0.6390798849856233,-0.42478870886302317
0.6392049006125766,-0.23703999570962667
0.63932991623953,-0.2342508363652909
0.6394549318664834,-0.20441910475195366
0.6395799474934367,-0.14873252073101487
0.63970496312039,0.00233147170425628
0.6398299787473435,-0.05768884537418074
0.6399549943742968,-0.19421056204336615
0.6400800100012503,-0.07008904872991138
0.6402050256282036,0.0697154597555955
0.6403300412551569,0.2046560214870596
0.6404550568821104,0.30789524957787834
0.6405800725090637,0.20896201446362672
0.640705088136017,0.2386285719979626
0.6408301037629704,0.18717927208667842
0.6409551193899238,0.3842417712076342
0.6410801350168771,0.5736396497176267
0.6412051506438305,0.6225989532306009
0.6413301662707839,0.4778677160859201
0.6414551818977373,0.425350065140919
0.6415801975246906,0.4436367866729468
0.641705213151644,0.6483072752652272
0.6418302287785974,0.6682574039027154
0.6419552444055507,0.719249583366305
0.6420802600325041,0.5963575224546126
0.6422052756594575,0.797890981148834
0.6423302912864108,0.6940485237219811
0.6424553069133642,0.5085071366092927
0.6425803225403176,0.9214137869491172
0.6427053381672709,0.6240033797442364
0.6428303537942244,0.9008550619809442
0.6429553694211777,0.564047948748239
0.643080385048131,0.7841414923835998
0.6432054006750845,0.6695483195187157
0.6433304163020378,0.7229738001747994
0.6434554319289911,0.6532398262915831
0.6435804475559446,0.7301469362587539
0.6437054631828979,0.4763063123604508
0.6438304788098512,0.698779523805271
0.6439554944368047,0.6250017624668178
0.644080510063758,0.36086586211981725
0.6442055256907114,0.525618194040573
0.6443305413176648,0.6844946723725517
0.6444555569446181,0.4381410534116969
0.6445805725715715,0.4586811156728942
0.6447055881985249,0.28268584532879704
0.6448306038254782,0.5073107203549161
0.6449556194524316,0.39943112422391813
0.645080635079385,0.47612713500134474
0.6452056507063383,0.3094994333253505
0.6453306663332917,0.31631500559697656
0.645455681960245,0.24947856889009673
0.6455806975871985,0.33760979874235736
0.6457057132141518,0.23767249851874891
0.6458307288411052,0.3895596859922405
0.6459557444680586,0.19793741734720302
0.6460807600950119,0.25949568119384797
0.6462057757219652,0.1981506948430175
0.6463307913489187,0.16754884063925066
0.646455806975872,0.31125145124878684
0.6465808226028253,0.057899215446833546
0.6467058382297788,0.28157009273958555
0.6468308538567321,0.09123133794657355
0.6469558694836856,0.28807864516572074
0.6470808851106389,0.2389151920092142
0.6472059007375922,0.12416895758359302
0.6473309163645456,0.22353136859691922
0.647455931991499,0.1763419253882027
0.6475809476184523,0.0536278622061362
0.6477059632454057,0.16655447727933576
0.6478309788723591,0.20786287775102885
0.6479559944993124,0.3384301293890626
0.6480810101262658,0.114208943172342
0.6482060257532192,0.1044733391836458
0.6483310413801726,0.2002261141953135
0.6484560570071259,0.2738247984928806
0.6485810726340793,0.20139589859420867
0.6487060882610327,0.31657304731181923
0.648831103887986,0.17666938717181657
0.6489561195149394,0.06264186557108269
0.6490811351418928,0.16603278030760021
0.6492061507688461,0.09438762825634174
0.6493311663957995,0.2214498888135312
0.6494561820227529,-0.09484091806343366
0.6495811976497062,0.10691252697924061
0.6497062132766597,0.09323094107318966
0.649831228903613,0.009272182395235765
0.6499562445305663,0.03234700656579032
0.6500812601575198,0.07132023501656554
0.6502062757844731,0.20571940537426048
0.6503312914114264,0.0997022710284324
0.6504563070383799,0.0243399854041735
0.6505813226653332,-0.2543513657624602
0.6507063382922866,0.008832696822943296
0.65083135391924,-0.09628347845148028
0.6509563695461933,-0.11976449913161048
0.6510813851731467,-0.11680707880582636
0.6512064008001001,-0.23347804462838848
0.6513314164270534,-0.3757951866064089
0.6514564320540068,-0.23869203792784893
0.6515814476809602,-0.06530721847328988
0.6517064633079135,-0.14908735594993042
0.6518314789348669,-0.1626985380087857
0.6519564945618203,-0.2999642638979922
0.6520815101887737,-0.22938885246695717
0.652206525815727,-0.08470150983306357
0.6523315414426804,-0.11967617444154957
0.6524565570696338,-0.1889234353847111
0.6525815726965871,-0.2018734738578892
0.6527065883235404,-0.14132668909793306
0.6528316039504939,-0.16106408822635598
0.6529566195774472,-0.23609768575484794
0.6530816352044005,-0.22023919089396715
0.653206650831354,-0.2097326113814402
0.6533316664583073,-0.32584846655919236
0.6534566820852608,-0.13385600576257878
0.6535816977122141,-0.051743382217264634
0.6537067133391674,-0.20290025667890413
0.6538317289661209,-0.35610886514998
0.6539567445930742,-0.29803020910111283
0.6540817602200275,-0.34026705831429116
0.654206775846981,-0.1800306291770523
0.6543317914739343,-0.2869439000401362
0.6544568071008876,-0.3130604543583892
0.654581822727841,-0.40746119033603617
0.6547068383547944,-0.298486019628258
0.6548318539817478,-0.3350676652038906
0.6549568696087011,-0.3098931451698156
0.6550818852356545,-0.32782066540384464
0.6552069008626079,-0.466560515109906
0.6553319164895612,-0.4703666405188009
0.6554569321165146,-0.5489738362099078
0.655581947743468,-0.5644752844662427
0.6557069633704213,-0.5810970146158478
0.6558319789973747,-0.5897427051435179
0.6559569946243281,-0.6547513931028285
0.6560820102512814,-0.5399502517020043
0.6562070258782349,-0.6149315138592748
0.6563320415051882,-0.5339252071054319
0.6564570571321415,-0.6488369657382301
0.656582072759095,-0.5201168554488075
0.6567070883860483,-0.5529912223827169
0.6568321040130016,-0.6596687447927602
0.6569571196399551,-0.6573204978501213
0.6570821352669084,-0.625248944126901
0.6572071508938617,-0.8252808842056273
0.6573321665208152,-0.6132428150883531
0.6574571821477685,-0.8768795087011421
0.6575821977747219,-0.6000711966412349
0.6577072134016753,-0.7266095760318276
0.6578322290286286,-0.5883396561281581
0.657957244655582,-0.6423984290117609
0.6580822602825354,-0.528670265800212
0.6582072759094887,-0.5834810209594486
0.6583322915364421,-0.6484263108243861
0.6584573071633955,-0.4433096380864397
0.6585823227903488,-0.6066616655850604
0.6587073384173022,-0.40026081736316543
0.6588323540442556,-0.4715916308382699
0.658957369671209,-0.3941787843610943
0.6590823852981623,-0.3957149932607187
0.6592074009251156,-0.35293343399795624
0.6593324165520691,-0.3563784956861674
0.6594574321790224,-0.35856561972802986
0.6595824478059757,0.021517136633915693
0.6597074634329292,-0.04759606555293821
0.6598324790598825,0.000327044521293062
0.6599574946868358,0.023402583117742425
0.6600825103137893,0.2170910672045221
0.6602075259407426,0.08639859342835939
0.660332541567696,0.11552833907660506
0.6604575571946494,0.22424007812777047
0.6605825728216027,0.26000736324786716
0.6607075884485561,0.207018053779873
0.6608326040755095,0.3151130638653513
0.6609576197024628,0.47793176645295743
0.6610826353294162,0.4796480043070001
0.6612076509563696,0.39593323420774607
0.661332666583323,0.38542561854908125
0.6614576822102763,0.6961814382076484
0.6615826978372297,0.6262504426787603
0.6617077134641831,0.7416295029508624
0.6618327290911364,0.749820748945295
0.6619577447180898,0.7846482451380088
0.6620827603450432,0.8442450674557386
0.6622077759719965,0.7206170310569602
0.6623327915989499,0.7511170079603116
0.6624578072259033,0.8546408782634414
0.6625828228528566,0.6754319268140926
0.6627078384798101,0.6673877669577495
0.6628328541067634,0.724569299053842
0.6629578697337167,0.7334249477740329
0.6630828853606702,0.6692265261638916
0.6632079009876235,0.6442651702264075
0.6633329166145768,0.8120105158532845
0.6634579322415303,0.4925826094375001
0.6635829478684836,0.7059163574541234
0.6637079634954369,0.6586376528751252
0.6638329791223904,0.7096592671778366
0.6639579947493437,0.42793168010921767
0.6640830103762971,0.5984811692122773
0.6642080260032505,0.4699498070315692
0.6643330416302038,0.49865733006312324
0.6644580572571572,0.4620427144155732
0.6645830728841106,0.40627558368352973
0.6647080885110639,0.39173517847324313
0.6648331041380173,0.28790547077529094
0.6649581197649707,0.5258626479914995
0.665083135391924,0.4943853422938007
0.6652081510188774,0.34023867947194136
0.6653331666458308,0.16910859117733507
0.6654581822727842,0.2962889650471612
0.6655831978997375,0.2264729112422254
0.6657082135266909,0.19020640253229276
0.6658332291536443,0.2439597461692147
0.6659582447805976,0.16779491571599386
0.666083260407551,0.389159104550756
0.6662082760345044,0.3372983825444706
0.6663332916614577,0.3150664596418653
0.666458307288411,0.22050430925164657
0.6665833229153645,0.2950975053882411
0.6667083385423178,0.45605751888761714
0.6668333541692713,0.30182291933263583
0.6669583697962246,0.1335543511543296
0.6670833854231779,0.1236734108055064
0.6672084010501314,0.2224317261324679
0.6673334166770847,0.17560828671361978
0.667458432304038,0.1873761399214037
0.6675834479309914,0.12243139001549588
0.6677084635579448,0.16449738782013482
0.6678334791848981,0.21755680905758845
0.6679584948118515,0.25730378218802297
0.6680835104388049,0.29973674551349605
0.6682085260657583,0.18460944416977623
0.6683335416927116,0.17345073889890852
0.668458557319665,0.06798418525340746
0.6685835729466184,0.1835926094211218
0.6687085885735717,0.08878766653482938
0.6688336042005251,0.06839417588215398
0.6689586198274785,0.004313021776355668
0.6690836354544318,0.17480124070087766
0.6692086510813852,0.15656645650888837
0.6693336667083386,-0.03600439743783955
0.6694586823352919,0.06088570930506573
0.6695836979622454,0.17440413246287909
0.6697087135891987,0.12229940092873157
0.669833729216152,-0.13352158503740466
0.6699587448431055,0.16383795723742017
0.6700837604700588,0.20430683571410824
0.6702087760970121,0.023540421111104586
0.6703337917239656,-0.03135064254198513
0.6704588073509189,0.031193994119261045
0.6705838229778722,-0.09981228571593542
0.6707088386048257,-0.07060993624134383
0.670833854231779,-0.14586442140958536
0.6709588698587324,-0.1350025821145675
0.6710838854856858,-0.1900127354035155
0.6712089011126391,-0.2550942564925464
0.6713339167395925,-0.0773376822110088
0.6714589323665459,-0.141776914612617
0.6715839479934992,-0.24539289694556887
0.6717089636204526,-0.2651730146304288
0.671833979247406,-0.20764424076593657
0.6719589948743594,-0.10443195877948534
0.6720840105013127,-0.2773276619228964
0.672209026128266,-0.1608250735206725
0.6723340417552195,-0.3765242198738805
0.6724590573821728,-0.27629527824749023
0.6725840730091261,-0.08963590727507763
0.6727090886360796,-0.3760924323628771
0.6728341042630329,-0.12965378436777775
0.6729591198899862,-0.20234152949844747
0.6730841355169397,-0.35488346052820935
0.673209151143893,-0.25144916787178245
0.6733341667708465,-0.24411279378592574
0.6734591823977998,-0.29803045396072986
0.6735841980247531,-0.24442758836547196
0.6737092136517066,-0.383342820193533
0.6738342292786599,-0.27817533424273094
0.6739592449056132,-0.218337843631977
0.6740842605325666,-0.27726951866704985
0.67420927615952,-0.25677000101375136
0.6743342917864733,-0.4426265039552574
0.6744593074134267,-0.44190837625270696
0.6745843230403801,-0.3955273679671379
0.6747093386673335,-0.3802962925790246
0.6748343542942868,-0.5215986848053563
0.6749593699212402,-0.25660434260594367
0.6750843855481936,-0.5413040461991929
0.6752094011751469,-0.43164653337931447
0.6753344168021003,-0.5266553974869356
0.6754594324290537,-0.5563641510333656
0.675584448056007,-0.4147940003612346
0.6757094636829604,-0.41097635200444066
0.6758344793099138,-0.5076049686313209
0.6759594949368671,-0.674010245754152
0.6760845105638206,-0.66925580530139
0.6762095261907739,-0.5487486969242261
0.6763345418177272,-0.6234010673569654
0.6764595574446807,-0.6146586380226242
0.676584573071634,-0.6142017098736439
0.6767095886985873,-0.4956986003738901
0.6768346043255408,-0.552268765706515
0.6769596199524941,-0.6972088733139629
0.6770846355794474,-0.743764765797057
0.6772096512064009,-0.5884923219921976
0.6773346668333542,-0.7359885295266909
0.6774596824603076,-0.7930968732526245
0.677584698087261,-0.7730529828844274
0.6777097137142143,-0.6980399570753215
0.6778347293411677,-0.8212836343681819
0.6779597449681211,-0.7517770628711057
0.6780847605950744,-0.5665866039204872
0.6782097762220278,-0.6719812177056216
0.6783347918489812,-0.5918667057476948
0.6784598074759345,-0.6472769455679864
0.6785848231028879,-0.4809138432021332
0.6787098387298413,-0.4301157097119509
0.6788348543567947,-0.4251178037265218
0.678959869983748,-0.4202605264279739
0.6790848856107013,-0.310030089553128
0.6792099012376548,-0.2219993047915975
0.6793349168646081,-0.23622842712249523
0.6794599324915614,-0.10229553713036169
0.6795849481185149,-0.2058569416121145
0.6797099637454682,-0.2278216575627116
0.6798349793724215,0.02433351960677393
0.679959994999375,-0.025107752543226895
0.6800850106263283,-0.029308858479677687
0.6802100262532818,0.023630805465519444
0.6803350418802351,0.1148912438340215
0.6804600575071884,0.47074539919415587
0.6805850731341418,0.17540472663693368
0.6807100887610952,0.41059257410426986
0.6808351043880485,0.3912869328576741
0.680960120015002,0.19982266341144103
0.6810851356419553,0.273159880527856
0.6812101512689087,0.5089794512567343
0.681335166895862,0.5217336935997752
0.6814601825228154,0.4274622384450526
0.6815851981497688,0.5352062582764674
0.6817102137767221,0.6039536021383719
0.6818352294036755,0.5541660518931567
0.6819602450306289,0.6236338013126462
0.6820852606575822,0.5675737578166691
0.6822102762845356,0.8993478489007952
0.682335291911489,0.5832236475595212
0.6824603075384423,0.7035714020572168
0.6825853231653958,0.6041666575153071
0.6827103387923491,0.759191456430302
0.6828353544193024,0.7578783954602369
0.6829603700462559,0.7710488336559409
0.6830853856732092,0.7587662438568834
0.6832104013001625,0.6279931197310074
0.683335416927116,0.6131011821254729
0.6834604325540693,0.518617214454153
0.6835854481810226,0.869255121186936
0.6837104638079761,0.5637389553877881
0.6838354794349294,0.4501338459490328
0.6839604950618828,0.4641059672652741
0.6840855106888362,0.4489088443951139
0.6842105263157895,0.4701101679889456
0.6843355419427429,0.4012197863099894
0.6844605575696963,0.6243437631361468
0.6845855731966496,0.36400536628041547
0.684710588823603,0.3587749606937212
0.6848356044505564,0.5262853585120789
0.6849606200775097,0.4287021541773846
0.6850856357044631,0.403108389644829
0.6852106513314165,0.34768258873918106
0.6853356669583699,0.3492502975585645
0.6854606825853232,0.2808932897737412
0.6855856982122766,0.21639960926512125
0.68571071383923,0.4229580893923328
0.6858357294661833,0.19607618805650837
0.6859607450931366,0.31322585794161706
0.6860857607200901,0.2194891573743698
0.6862107763470434,0.04993491038266164
0.6863357919739967,0.3382593364447649
0.6864608076009502,0.2748195698915875
0.6865858232279035,0.30971439936799855
0.686710838854857,0.22638198984254934
0.6868358544818103,0.18892632894792213
0.6869608701087636,0.20635094348509134
0.687085885735717,0.1372449570948876
0.6872109013626704,0.358543798788072
0.6873359169896237,0.29354277382655225
0.6874609326165771,0.196968067562368
0.6875859482435305,0.24404309029390134
0.6877109638704838,0.192044422699256
0.6878359794974372,0.14743921079550354
0.6879609951243906,0.16559168515455877
0.688086010751344,0.2135644936232824
0.6882110263782973,0.1264167208366631
0.6883360420052507,0.023065819033397834
0.6884610576322041,0.1495039520576678
0.6885860732591574,0.28145429793329685
0.6887110888861108,0.05379920782369223
0.6888361045130642,0.2077419368282297
0.6889611201400175,0.29103379869895507
0.6890861357669709,0.17290560840947541
0.6892111513939243,0.12606562263063795
0.6893361670208776,0.17015577437845794
0.6894611826478311,0.16123196525981032
0.6895861982747844,-0.079401197679633
0.6897112139017377,-0.04587446650674804
0.6898362295286912,-0.024729472787045965
0.6899612451556445,0.1350389815797458
0.6900862607825978,0.009438707660466736
0.6902112764095513,-0.08490000960832345
0.6903362920365046,-0.057812487903027725
0.6904613076634579,-0.07633979372638994
0.6905863232904114,-0.06772105692883464
0.6907113389173647,0.047810306054366536
0.6908363545443181,-0.21102161637101743
0.6909613701712715,0.021078882878173597
0.6910863857982248,-0.1549580230214787
0.6912114014251782,-0.016057094134621475
0.6913364170521316,-0.17443667055249773
0.6914614326790849,-0.31776919737829146
0.6915864483060383,-0.2159928054786167
0.6917114639329917,-0.13758883260313173
0.6918364795599451,-0.26661856673685325
0.6919614951868984,-0.19800189756898506
0.6920865108138518,-0.2843180803441061
0.6922115264408052,-0.1876938451058638
0.6923365420677585,-0.1974047095942515
0.6924615576947118,-0.01685740341863357
0.6925865733216653,-0.3112036629018711
0.6927115889486186,-0.34621456374544873
0.692836604575572,-0.2263022482561982
0.6929616202025254,-0.26918390058064445
0.6930866358294787,-0.21966043791009537
0.6932116514564322,-0.03398515509234192
0.6933366670833855,-0.18834985634926588
0.6934616827103388,-0.36797285022547827
0.6935866983372923,-0.4042783108427939
0.6937117139642456,-0.22390985874255911
0.6938367295911989,-0.1367079399647826
0.6939617452181523,-0.20170744109802977
0.6940867608451057,-0.3034558008263115
0.694211776472059,-0.3180307657983535
0.6943367920990124,-0.11796651271092894
0.6944618077259658,-0.3307749397917647
0.6945868233529192,-0.5322291640746345
0.6947118389798725,-0.22534049890879645
0.6948368546068259,-0.36883489063949676
0.6949618702337793,-0.2983144458127081
0.6950868858607326,-0.5043440879486478
0.695211901487686,-0.4683237828869629
0.6953369171146394,-0.481358539103871
0.6954619327415927,-0.5684769465746885
0.6955869483685461,-0.4326742667034409
0.6957119639954995,-0.490506208501519
0.6958369796224528,-0.5158201826315392
0.6959619952494063,-0.5029570439031921
0.6960870108763596,-0.596846277394737
0.6962120265033129,-0.34710011610540975
0.6963370421302664,-0.7711295159433817
0.6964620577572197,-0.6103655764251557
0.696587073384173,-0.7156555678525183
0.6967120890111265,-0.6907266539441879
0.6968371046380798,-0.7860501000142635
0.6969621202650331,-0.6817388148748725
0.6970871358919866,-0.7649150233558052
0.6972121515189399,-0.7082899551817858
0.6973371671458933,-0.614156091244703
0.6974621827728467,-0.7899240696735889
0.6975871983998,-0.7127376282330529
0.6977122140267534,-0.7360380875978396
0.6978372296537068,-0.4132808787805646
0.6979622452806601,-0.7324984296140847
0.6980872609076135,-0.551867136797128
0.6982122765345669,-0.4955905523237206
0.6983372921615202,-0.49836398996929887
0.6984623077884736,-0.6558593901571215
0.698587323415427,-0.5476596398053797
0.6987123390423804,-0.3145337106143819
0.6988373546693337,-0.48300789173124364
0.698962370296287,-0.5116807288379939
0.6990873859232405,-0.3677452465747929
0.6992124015501938,-0.3818802540752313
0.6993374171771471,-0.17155439844998754
0.6994624328041006,0.05862619084111483
0.6995874484310539,-0.294550581070635
0.6997124640580072,-0.02716987062087301
0.6998374796849607,0.11356292237166656
0.699962495311914,0.054999841997725195
0.7000875109388675,0.18439450498792917
0.7002125265658208,0.0572499728928918
0.7003375421927741,0.040328334569706505
0.7004625578197275,0.39711176596661063
0.7005875734466809,0.42852376184665936
0.7007125890736342,0.41869113106606765
0.7008376047005876,0.34245241528893283
0.700962620327541,0.4338728943793502
0.7010876359544943,0.35350520976462935
0.7012126515814477,0.4706599276837392
0.7013376672084011,0.5094092176351231
0.7014626828353545,0.556636675722199
0.7015876984623078,0.6354585210544343
0.7017127140892612,0.3289676548265441
0.7018377297162146,0.5912715214613358
0.7019627453431679,0.7752753330561193
0.7020877609701213,0.5892037555855647
0.7022127765970747,0.8112548029390755
0.702337792224028,0.8598073157123581
0.7024628078509815,0.6880640047137888
0.7025878234779348,0.8516105698305765
0.7027128391048881,0.696627842975521
0.7028378547318416,0.7207365552027913
0.7029628703587949,0.8117445835083449
0.7030878859857482,0.8040334799402764
0.7032129016127017,0.7665538277966899
0.703337917239655,0.878836672309426
0.7034629328666083,0.835903402565248
0.7035879484935618,0.6557641054494723
0.7037129641205151,0.6846195800356253
0.7038379797474685,0.36689086332846704
0.7039629953744219,0.4531330905781338
0.7040880110013752,0.684412545602085
0.7042130266283286,0.5510968936902881
0.704338042255282,0.5703387670713989
0.7044630578822353,0.5637584562197404
0.7045880735091887,0.43099514662300875
0.7047130891361421,0.5535400287217078
0.7048381047630954,0.421198115809948
0.7049631203900488,0.4327272787399718
0.7050881360170022,0.3928775272776147
0.7052131516439556,0.28136597908468114
0.7053381672709089,0.3894811040391779
0.7054631828978623,0.3556015469905702
0.7055881985248157,0.43659213358251575
0.705713214151769,0.2812874563686659
0.7058382297787223,0.19616127023831256
0.7059632454056758,0.294506609208366
0.7060882610326291,0.3120291477170095
0.7062132766595824,0.16086969706659845
0.7063382922865359,0.1535454602390233
0.7064633079134892,0.27326406341028947
0.7065883235404427,0.1358809022539896
0.706713339167396,0.20693503111997782
0.7068383547943493,0.27441848663216173
0.7069633704213028,0.2877459207363807
0.7070883860482561,0.20587364791495852
0.7072134016752094,0.17303762708215087
0.7073384173021628,0.13811930220796723
0.7074634329291162,0.3124332414916262
0.7075884485560695,0.33346466966809635
0.7077134641830229,0.25143448979460764
0.7078384798099763,0.1447539646362068
0.7079634954369297,0.19918322942908434
0.708088511063883,0.14404430211450894
0.7082135266908364,0.14788603197910238
0.7083385423177898,0.15078187072184263
0.7084635579447431,0.2833274591840487
0.7085885735716965,0.2863231148005588
0.7087135891986499,0.0443982203441705
0.7088386048256032,0.13763745969189956
0.7089636204525566,0.26996863723757586
0.70908863607951,0.008139890016231902
0.7092136517064633,0.09709993685581102
0.7093386673334168,0.2606011223911831
0.7094636829603701,0.032292255674080485
0.7095886985873234,0.12430000765217362
0.7097137142142769,0.049051905165570196
0.7098387298412302,-0.06648633497787142
0.7099637454681835,0.1416651597752245
0.710088761095137,-0.050300422465609125
0.7102137767220903,-0.04876622262341368
0.7103387923490436,-0.04865118884586531
0.7104638079759971,0.10450562014512055
0.7105888236029504,-0.25139193865607457
0.7107138392299038,-0.029684452896754875
0.7108388548568572,-0.019472245551288916
0.7109638704838105,-0.08323601953566277
0.7110888861107639,-0.08887599942947084
0.7112139017377173,-0.1836671132239137
0.7113389173646706,-0.12680831408205762
0.711463932991624,-0.21191158532757015
0.7115889486185774,-0.323783511747931
0.7117139642455307,-0.24767549266582398
0.7118389798724841,-0.17782613801251748
0.7119639954994375,-0.14937502079034357
0.7120890111263909,-0.1187651986895956
0.7122140267533442,-0.12780224851056607
0.7123390423802975,-0.1399425885690608
0.712464058007251,-0.3266261964756878
0.7125890736342043,-0.16767890561939494
0.7127140892611576,-0.10884556840434585
0.7128391048881111,-0.17227918622680757
0.7129641205150644,-0.16453370613180382
0.7130891361420179,-0.03775884721303773
0.7132141517689712,-0.14684710444005838
0.7133391673959245,-0.34070879728993775
0.713464183022878,-0.22096513353627378
0.7135891986498313,-0.13385172997309724
0.7137142142767846,-0.13029028551079203
0.713839229903738,-0.24268951972407654
0.7139642455306914,-0.22487323454851293
0.7140892611576447,-0.2567031911144158
0.7142142767845981,-0.18119191068799267
0.7143392924115515,-0.16040447283565418
0.7144643080385049,-0.5277058333802407
0.7145893236654582,-0.3913627775412233
0.7147143392924116,-0.4269732043481842
0.714839354919365,-0.453070496515708
0.7149643705463183,-0.32207887421231735
0.7150893861732717,-0.466710740727829
0.7152144018002251,-0.3978921040219341
0.7153394174271784,-0.5011405786393148
0.7154644330541318,-0.4437993031403046
0.7155894486810852,-0.464338809836461
0.7157144643080385,-0.4200079745212266
0.715839479934992,-0.5108767673771303
0.7159644955619453,-0.5621729295722451
0.7160895111888986,-0.6107725067861306
0.7162145268158521,-0.5795434619925327
0.7163395424428054,-0.7758931610104693
0.7164645580697587,-0.5337735659831987
0.7165895736967122,-0.6446829303305761
0.7167145893236655,-0.7007568999174929
0.7168396049506188,-0.6307598190277491
0.7169646205775723,-0.700860625920922
0.7170896362045256,-0.8486659051326408
0.717214651831479,-0.6979260802977626
0.7173396674584324,-0.7571922390559772
0.7174646830853857,-0.5313424011481526
0.7175896987123391,-0.8000627658230338
0.7177147143392925,-0.5503644389165182
0.7178397299662458,-0.8181924133440301
0.7179647455931992,-0.7734757228365617
0.7180897612201526,-0.5366152860825734
0.7182147768471059,-0.4872047497415474
0.7183397924740593,-0.384833413283226
0.7184648081010127,-0.6209784350504787
0.7185898237279661,-0.4760430494431005
0.7187148393549194,-0.5883462117568752
0.7188398549818728,-0.37985570631989163
0.7189648706088262,-0.38034863963023796
0.7190898862357795,-0.3791143337951742
0.7192149018627328,-0.2699769565496632
0.7193399174896863,-0.27090349154627713
0.7194649331166396,-0.2870723521160257
0.7195899487435929,-0.24450183026524727
0.7197149643705464,-0.1480726849984947
0.7198399799974997,0.016803675578325898
0.7199649956244532,0.025177549447277788
0.7200900112514065,0.0922273305452901
0.7202150268783598,0.14970224147042988
0.7203400425053132,0.012816951784721841
0.7204650581322666,0.2783508392288896
0.7205900737592199,0.28167216452054294
0.7207150893861733,0.1399722122485987
0.7208401050131267,0.4393738338382373
0.72096512064008,0.356587519776411
0.7210901362670334,0.4050648017192
0.7212151518939868,0.5339989715106415
0.7213401675209402,0.6014105578918255
0.7214651831478935,0.6249848793981928
0.7215901987748469,0.6577243764606266
0.7217152144018003,0.5476736725789961
0.7218402300287536,0.6281871417729669
0.721965245655707,0.6486743953387889
0.7220902612826604,0.6356652573584629
0.7222152769096137,0.7716634168002602
0.7223402925365672,0.8440041289828654
0.7224653081635205,0.7063584732319378
0.7225903237904738,0.6583496309473
0.7227153394174273,0.8415887860326067
0.7228403550443806,0.6725904047520012
0.7229653706713339,0.6774842172547914
0.7230903862982874,0.7070568272397568
0.7232154019252407,0.672763475312926
0.723340417552194,0.5857822197032473
0.7234654331791475,0.6797525876643297
0.7235904488061008,0.6685714267966857
0.7237154644330542,0.3330692115128073
0.7238404800600076,0.44784391037863686
0.7239654956869609,0.45127519326342475
0.7240905113139143,0.5133837473482538
0.7242155269408677,0.7011756127738185
0.724340542567821,0.5414528682641236
0.7244655581947744,0.3535782782805055
0.7245905738217278,0.511011474035263
0.7247155894486811,0.378486585846753
0.7248406050756345,0.2868970379562251
0.7249656207025879,0.5096137892918096
0.7250906363295413,0.4282283527175947
0.7252156519564946,0.053959616592074405
0.725340667583448,0.35087864999427254
0.7254656832104014,0.3831464797435297
0.7255906988373547,0.20801784462742745
0.725715714464308,0.33828444542263364
0.7258407300912615,0.26832472492199916
0.7259657457182148,0.09021742291751562
0.7260907613451681,0.21996246910550424
0.7262157769721216,0.3489507297106907
0.7263407925990749,0.2839823890338242
0.7264658082260284,0.3027488430025069
0.7265908238529817,0.3170968993285436
0.726715839479935,0.21693538267520474
0.7268408551068885,0.2316585694376133
0.7269658707338418,0.27300367502958134
0.7270908863607951,0.020793559753974702
0.7272159019877485,0.19852527321191124
0.7273409176147019,0.23601984192912803
0.7274659332416552,0.28567542465978724
0.7275909488686086,0.21205250619029659
0.727715964495562,0.15405183453526267
0.7278409801225154,0.26728847272862644
0.7279659957494687,0.04354343194178912
0.7280910113764221,0.08865755327295419
0.7282160270033755,0.08560915747325795
0.7283410426303288,0.1792238873498522
0.7284660582572822,0.21688962155156927
0.7285910738842356,0.21906120785749678
0.7287160895111889,0.12007112543799839
0.7288411051381423,0.0855097944938198
0.7289661207650957,0.09674248403403829
0.729091136392049,0.14769966404801152
0.7292161520190025,0.22115550313003943
0.7293411676459558,0.09502281479275143
0.7294661832729091,0.09708062182801086
0.7295911988998626,-0.02420891302742533
0.7297162145268159,0.11983588720988164
0.7298412301537692,0.11579658034339478
0.7299662457807227,0.04752637928637085
0.730091261407676,0.010755514242845285
0.7302162770346293,0.004417104421465515
0.7303412926615828,-0.11634824826506195
0.7304663082885361,-0.20399026858176245
0.7305913239154895,0.0016489734381601405
0.7307163395424429,-0.19898098750492615
0.7308413551693962,-0.024747648786259832
0.7309663707963496,-0.19685889069587997
0.731091386423303,-0.2688363250699043
0.7312164020502563,-0.2556622725139778
0.7313414176772097,-0.10845653068476209
0.731466433304163,-0.15757628319287537
0.7315914489311164,-0.3043751040666302
0.7317164645580698,-0.12098003239425019
0.7318414801850232,-0.17198750433096285
0.7319664958119766,-0.027108207065110378
0.7320915114389299,-0.11696011363900732
0.7322165270658832,-0.11299469908064867
0.7323415426928367,-0.18292915038131585
0.73246655831979,-0.25583149965068197
0.7325915739467433,-0.22858782272488587
0.7327165895736968,-0.2070449865422228
0.7328416052006501,-0.19170209587092918
0.7329666208276036,-0.16124376240178584
0.7330916364545569,-0.32097829319073506
0.7332166520815102,-0.2041537613307116
0.7333416677084637,-0.2162580209620442
0.733466683335417,-0.3067778152251426
0.7335916989623703,-0.3514629146817377
0.7337167145893237,-0.39429778238059926
0.7338417302162771,-0.09620215136191569
0.7339667458432304,-0.3593786113041441
0.7340917614701838,-0.4203259483830176
0.7342167770971372,-0.304976420529888
0.7343417927240906,-0.2941793137310426
0.7344668083510439,-0.38773698620835034
0.7345918239779973,-0.4586145646433024
0.7347168396049507,-0.2991088640974791
0.734841855231904,-0.408699021768353
0.7349668708588574,-0.29560895206043714
0.7350918864858108,-0.38356064895695696
0.7352169021127641,-0.4741726038108523
0.7353419177397175,-0.4264446214177853
0.7354669333666709,-0.5229403435187859
0.7355919489936242,-0.4995946448561896
0.7357169646205777,-0.6486504275629267
0.735841980247531,-0.5099301939731122
0.7359669958744843,-0.5418480271357997
0.7360920115014378,-0.5807299132842054
0.7362170271283911,-0.487189530679813
0.7363420427553444,-0.5691380379573937
0.7364670583822979,-0.7570160623462555
0.7365920740092512,-0.564003444044731
0.7367170896362045,-0.7406609556738583
0.736842105263158,-0.5374980055447353
0.7369671208901113,-0.7156751007755777
0.7370921365170647,-0.7859476865514226
0.7372171521440181,-0.7813822415750972
0.7373421677709714,-0.719629957002054
0.7374671833979248,-0.7457381017821295
0.7375921990248782,-0.6925019550467828
0.7377172146518315,-0.762668164017832
0.7378422302787849,-0.7374330719088698
0.7379672459057383,-0.6644137043107393
0.7380922615326916,-0.6389699697239064
0.738217277159645,-0.5529712727444606
0.7383422927865984,-0.5361650396547062
0.7384673084135518,-0.5528641420693843
0.7385923240405051,-0.4839802046400994
0.7387173396674585,-0.6352265258939527
0.7388423552944119,-0.42356165763531184
0.7389673709213652,-0.41069359159049973
0.7390923865483185,-0.37344329535815485
0.739217402175272,-0.31611847250589714
0.7393424178022253,-0.46716035649720966
0.7394674334291786,-0.21809388460228568
0.7395924490561321,-0.3422338465804383
0.7397174646830854,-0.12188968818644515
0.7398424803100389,-0.20168646253705436
0.7399674959369922,0.08895200982327885
0.7400925115639455,-0.19664973010362463
0.740217527190899,0.026224712323137257
0.7403425428178523,0.20962280310798703
0.7404675584448056,0.21792846723934847
0.740592574071759,0.11782975240855192
0.7407175896987124,0.19949085124137608
0.7408426053256657,0.3029352209675506
0.7409676209526191,0.3928887488228474
0.7410926365795725,0.6305486732692093
0.7412176522065259,0.5040514967247636
0.7413426678334792,0.7123947282390652
0.7414676834604326,0.5639245931904066
0.741592699087386,0.6414414420080854
0.7417177147143393,0.661015183826437
0.7418427303412927,0.7035866295639808
0.7419677459682461,0.6116259673386039
0.7420927615951994,0.7989546951355028
0.7422177772221528,0.5239933801799517
0.7423427928491062,0.6702095887320306
0.7424678084760595,0.610692444520958
0.742592824103013,0.8159372036637412
0.7427178397299663,0.8422728158913574
0.7428428553569196,0.5483685735517262
0.7429678709838731,0.44157182266570927
0.7430928866108264,0.681251984672764
0.7432179022377797,0.6418557190720273
0.7433429178647332,0.7386008405899255
0.7434679334916865,0.49571634449477725
0.7435929491186399,0.6536808419796698
0.7437179647455933,0.7218502316590875
0.7438429803725466,0.5828816845924849
0.7439679959995,0.7387656996594435
0.7440930116264534,0.39077966251228635
0.7442180272534067,0.5785984924247917
0.7443430428803601,0.4490505885505887
0.7444680585073135,0.4766757713537163
0.7445930741342668,0.40385111109148686
0.7447180897612202,0.3910267361503063
0.7448431053881736,0.38473046592864024
0.744968121015127,0.34397181156585016
0.7450931366420803,0.46673146087924683
0.7452181522690337,0.32754697588400683
0.7453431678959871,0.4016983326405408
0.7454681835229404,0.23643456280916186
0.7455931991498937,0.2574375756376514
0.7457182147768472,0.45471962174771335
0.7458432304038005,0.32111317978561127
0.7459682460307538,0.5102154176572732
0.7460932616577073,0.32472321513985597
0.7462182772846606,0.23445402962172304
0.746343292911614,-0.02242835973200266
0.7464683085385674,0.0953392531920047
0.7465933241655207,0.21866086162662382
0.7467183397924742,0.18639381858817114
0.7468433554194275,0.3262963273664505
0.7469683710463808,0.38161632670771645
0.7470933866733342,0.3632631285697616
0.7472184023002876,0.1516293658566083
0.7473434179272409,0.09950706101384568
0.7474684335541943,0.09283659037116433
0.7475934491811477,0.12037407765924649
0.7477184648081011,0.25594059804640557
0.7478434804350544,0.2799405968866974
0.7479684960620078,0.20429395185903937
0.7480935116889612,0.07294816808564754
0.7482185273159145,0.21667672048485073
0.7483435429428679,0.19432193061648395
0.7484685585698213,0.16232481990697362
0.7485935741967746,0.05254376356527932
0.748718589823728,0.11842301762319872
0.7488436054506814,0.19646769647366658
0.7489686210776347,0.1306926645354873
0.7490936367045882,0.11178813133765109
0.7492186523315415,0.04597119690561589
0.7493436679584948,0.10040458885442609
0.7494686835854483,0.033392473321798885
0.7495936992124016,0.021082595457660558
0.7497187148393549,0.037135092692460715
0.7498437304663084,-0.015017553003667932
0.7499687460932617,0.029657279498217157
0.750093761720215,-0.012506672459473121
0.7502187773471685,0.07615050853685965
0.7503437929741218,-0.02238527103406758
0.7504688086010752,-0.033761719784195454
0.7505938242280286,-0.1469657876485381
0.7507188398549819,-0.13021299890479882
0.7508438554819353,-0.18862237944547097
0.7509688711088887,-0.04934574023284673
0.751093886735842,-0.151609332892037
0.7512189023627954,0.013846675753593385
0.7513439179897488,-0.23163635937841526
0.7514689336167021,-0.37854364511419236
0.7515939492436555,-0.17614410503476258
0.7517189648706089,-0.16214936896853202
0.7518439804975623,-0.328053268520128
0.7519689961245156,-0.09162389267904197
0.752094011751469,-0.2752196871961115
0.7522190273784224,-0.25156248905034484
0.7523440430053757,-0.15393451395463337
0.752469058632329,-0.25376709018303023
0.7525940742592825,-0.23273108768748582
0.7527190898862358,-0.209370337063433
0.7528441055131893,-0.26691759350965355
0.7529691211401426,-0.17747440603969233
0.7530941367670959,-0.2271703483321912
0.7532191523940494,-0.02356991375485866
0.7533441680210027,-0.32637182219619576
0.753469183647956,-0.2615749674207127
0.7535941992749094,0.04007413373479221
0.7537192149018628,-0.19433779220093797
0.7538442305288161,-0.15360564453705364
0.7539692461557695,-0.1541215524576439
0.7540942617827229,-0.32712079150671536
0.7542192774096763,-0.2863555620233633
0.7543442930366296,-0.2769787643840541
0.754469308663583,-0.25307487784086924
0.7545943242905364,-0.439864544115007
0.7547193399174897,-0.31597381164735533
0.7548443555444431,-0.3048049043009574
0.7549693711713965,-0.35999627361580305
0.7550943867983498,-0.39515181290866946
0.7552194024253032,-0.5328536018047603
0.7553444180522566,-0.5469209366882424
0.7554694336792099,-0.3615477174626366
0.7555944493061634,-0.5215316098885827
0.7557194649331167,-0.5131884903071172
0.75584448056007,-0.6066226488571856
0.7559694961870235,-0.45127169419845753
0.7560945118139768,-0.5702209339069705
0.7562195274409301,-0.4925588387195743
0.7563445430678836,-0.5460550071006658
0.7564695586948369,-0.7120526757253727
0.7565945743217902,-0.605002603170588
0.7567195899487437,-0.6719781982906434
0.756844605575697,-0.8770415732136163
0.7569696212026504,-0.8422784918164475
0.7570946368296038,-0.7497984720159375
0.7572196524565571,-0.7289233207093285
0.7573446680835105,-0.6130817303410749
0.7574696837104639,-0.8093095070763681
0.7575946993374172,-0.8697671814303295
0.7577197149643706,-0.669593307288765
0.757844730591324,-0.8527375982592618
0.7579697462182773,-0.5175934854900401
0.7580947618452307,-0.5959814853678511
0.758219777472184,-0.8765178503653871
0.7583447930991375,-0.523266123186294
0.7584698087260908,-0.7164702013879953
0.7585948243530442,-0.4574040622793092
0.7587198399799976,-0.655347575957416
0.7588448556069509,-0.31821045316625046
0.7589698712339042,-0.5336740838616313
0.7590948868608577,-0.41382052849201434
0.759219902487811,-0.42161031863588166
0.7593449181147643,-0.21494030547035411
0.7594699337417178,-0.3118712791127214
0.7595949493686711,-0.11854793380660164
0.7597199649956246,-0.41885395007758547
0.7598449806225779,0.06850333405501073
0.7599699962495312,-0.07911878008575467
0.7600950118764846,0.00900426577582236
0.760220027503438,-0.07531919304534186
0.7603450431303913,0.1719717167340557
0.7604700587573447,0.17496259592544797
0.7605950743842981,0.06696673166870402
0.7607200900112514,0.29159030807959513
0.7608451056382048,0.20907655741008876
0.7609701212651582,0.6172232663964347
0.7610951368921116,0.36077036810334634
0.7612201525190649,0.36856756366599935
0.7613451681460183,0.5807211573396294
0.7614701837729717,0.5879173621143575
0.761595199399925,0.5647315135077975
0.7617202150268784,0.5096493534207374
0.7618452306538318,0.6534568998103185
0.7619702462807851,0.5530915824087458
0.7620952619077385,0.7271956073701142
0.7622202775346919,0.616184928365188
0.7623452931616452,0.7179559911147537
0.7624703087885987,0.6419148587980025
0.762595324415552,0.7440623565992904
0.7627203400425053,0.694689470596919
0.7628453556694588,0.6115076807166479
0.7629703712964121,0.735131185770546
0.7630953869233654,0.7278199574792971
0.7632204025503189,0.6238075949067129
0.7633454181772722,0.6657026904688621
0.7634704338042256,0.5920155172956694
0.763595449431179,0.7346447612259749
0.7637204650581323,0.6477644365747244
0.7638454806850857,0.8127164420173986
0.7639704963120391,0.44007257939621514
0.7640955119389924,0.6193232753769963
0.7642205275659458,0.46131642448612853
0.7643455431928992,0.4878402394811874
0.7644705588198525,0.6339408067664507
0.7645955744468059,0.5469698870690467
0.7647205900737593,0.3811166542513699
0.7648456057007127,0.3245042641505637
0.764970621327666,0.24152714074558482
0.7650956369546194,0.41330108696094475
0.7652206525815728,0.43187486044853296
0.7653456682085261,0.27083745762235917
0.7654706838354794,0.3927402516555336
0.7655956994624329,0.3163385036166323
0.7657207150893862,0.3162473269774163
0.7658457307163395,0.2232390625094709
0.765970746343293,0.3227683983149969
0.7660957619702463,0.15247380943893657
0.7662207775971998,0.1704836937199982
0.7663457932241531,0.3215764644331618
0.7664708088511064,0.08565573282327821
0.7665958244780599,0.2831960242285111
0.7667208401050132,0.18663252016267062
0.7668458557319665,0.3757015299378934
0.76697087135892,0.028761066871388796
0.7670958869858733,0.2353099946141457
0.7672209026128266,0.27010128866139915
0.76734591823978,0.15492660387284465
0.7674709338667334,0.045464180188460254
0.7675959494936868,0.19396031659359972
0.7677209651206401,0.18069847951328327
0.7678459807475935,0.17071172547162566
0.7679709963745469,0.30866524061586015
0.7680960120015002,0.15339688921837077
0.7682210276284536,0.14691463263038698
0.768346043255407,0.04924475104361908
0.7684710588823603,0.10089692321477445
0.7685960745093137,0.03012626887180865
0.7687210901362671,0.16513116832847294
0.7688461057632204,0.04735144186108967
0.7689711213901739,0.16671135122571024
0.7690961370171272,0.20966921435463468
0.7692211526440805,0.10357687643619228
0.769346168271034,0.021825855009101076
0.7694711838979873,0.2610347846515575
0.7695961995249406,0.13249872244037886
0.7697212151518941,0.13100860995039618
0.7698462307788474,-0.014678468455253441
0.7699712464058007,-0.15468076544860224
0.7700962620327542,0.13487941636821524
0.7702212776597075,-0.0684958854135437
0.7703462932866609,-0.07615287977235512
0.7704713089136143,0.06767456296319366
0.7705963245405676,-0.01665289970135563
0.770721340167521,-0.13608762101810282
0.7708463557944744,-0.1576186524646505
0.7709713714214277,-0.16232166373955426
0.7710963870483811,-0.10415936661526123
0.7712214026753345,-0.28752440241611027
0.7713464183022878,-0.2863704097454342
0.7714714339292412,-0.17749107288207486
0.7715964495561946,-0.09222077617348047
0.771721465183148,-0.1231931885765326
0.7718464808101013,-0.17252965306991833
0.7719714964370546,-0.32939209386044466
0.7720965120640081,-0.25142609054223536
0.7722215276909614,-0.21001080899596944
0.7723465433179147,-0.1360925087471946
0.7724715589448682,-0.11970481099100698
0.7725965745718215,-0.16838414432915352
0.7727215901987748,-0.16863179884985102
0.7728466058257283,-0.11048075864531905
0.7729716214526816,-0.2297172978354152
0.773096637079635,-0.21696793237237613
0.7732216527065884,-0.2312322413941504
0.7733466683335417,-0.26231153032590276
0.7734716839604951,-0.3101663261605931
0.7735966995874485,-0.23419393161723517
0.7737217152144018,-0.23702332304947338
0.7738467308413552,-0.11892567034088351
0.7739717464683086,-0.182872283964978
0.774096762095262,-0.20304815452891
0.7742217777222153,-0.26518548639208106
0.7743467933491687,-0.0929959928865817
0.7744718089761221,-0.2427310019626005
0.7745968246030754,-0.44420464375307384
0.7747218402300288,-0.48124053800418165
0.7748468558569822,-0.5206119561475624
0.7749718714839355,-0.2854659587618816
0.7750968871108889,-0.3939276334075114
0.7752219027378423,-0.4306756284209298
0.7753469183647956,-0.3353381275373728
0.7754719339917491,-0.32191300496761943
0.7755969496187024,-0.6631445282431355
0.7757219652456557,-0.5807103351912886
0.7758469808726092,-0.5565440196141461
0.7759719964995625,-0.6627019511823843
0.7760970121265158,-0.3900455583859884
0.7762220277534693,-0.5418419175913389
0.7763470433804226,-0.5639146286505448
0.7764720590073759,-0.7002344991451922
0.7765970746343294,-0.5011370201087477
0.7767220902612827,-0.6221581807816576
0.7768471058882361,-0.6746931372678596
0.7769721215151895,-0.7680971119112008
0.7770971371421428,-0.6938351196566062
0.7772221527690962,-0.7409470770069806
0.7773471683960496,-0.7781031849662717
0.7774721840230029,-0.6772924514618857
0.7775971996499563,-0.6954825547326001
0.7777222152769097,-0.4651965717771212
0.777847230903863,-0.6332501829020586
0.7779722465308164,-0.6021889622096994
0.7780972621577698,-0.6553234166766222
0.7782222777847232,-0.581063983159582
0.7783472934116765,-0.5042298530307242
0.7784723090386299,-0.4856070036326913
0.7785973246655833,-0.5324237073067538
0.7787223402925366,-0.5159605709862246
0.77884735591949,-0.6234564444799672
0.7789723715464434,-0.24958635298503384
0.7790973871733967,-0.3439484331255825
0.77922240280035,-0.2556169336284042
0.7793474184273035,-0.4478404731814764
0.7794724340542568,-0.28632515609762105
0.7795974496812103,-0.1486489159728676
0.7797224653081636,-0.04131671551555949
0.7798474809351169,-0.11154835490790693
0.7799724965620703,-0.05507065694907736
0.7800975121890237,0.007042568594939945
0.780222527815977,0.05364719643266844
0.7803475434429304,-0.09767551185234753
0.7804725590698838,0.2014019288104757
0.7805975746968371,0.17355176465842506
0.7807225903237905,0.27217606678443623
0.7808476059507439,0.3709999607085683
0.7809726215776973,0.36266489076616804
0.7810976372046506,0.34057565968887316
0.781222652831604,0.5011492270132695
0.7813476684585574,0.530730123211845
0.7814726840855107,0.6116365425174767
0.7815976997124641,0.6727551642379094
0.7817227153394175,0.6738763066670316
0.7818477309663708,0.45055864864147144
0.7819727465933242,0.7442668909395679
0.7820977622202776,0.7439855633570327
0.7822227778472309,0.7385157189672965
0.7823477934741844,0.7688704825711897
0.7824728091011377,0.8199867411562308
0.782597824728091,0.5918943196124623
0.7827228403550445,0.7321348506236003
0.7828478559819978,0.7197492593042996
0.7829728716089511,0.7695474581585572
0.7830978872359046,0.7082022167832062
0.7832229028628579,0.7881757333261626
0.7833479184898112,0.6950206284838502
0.7834729341167647,0.6619464911394535
0.783597949743718,0.5956017477997565
0.7837229653706714,0.5649235227088208
0.7838479809976248,0.6234001855128043
0.7839729966245781,0.6063300963964153
0.7840980122515315,0.6537469496662818
0.7842230278784849,0.4491253127857673
0.7843480435054382,0.4654583645505202
0.7844730591323916,0.539664013961046
0.784598074759345,0.6411467236021952
0.7847230903862984,0.41337321041068636
0.7848481060132517,0.35387456584389965
0.784973121640205,0.4039600055422416
0.7850981372671585,0.11932495672451846
0.7852231528941118,0.34015960865535744
0.7853481685210651,0.3349021125306681
0.7854731841480186,0.07398854894409694
0.7855981997749719,0.2925956958614823
0.7857232154019252,0.22163012867583998
0.7858482310288787,0.11460940591861415
0.785973246655832,0.14465666732594712
0.7860982622827855,0.24263305630274576
0.7862232779097388,0.19656790147821
0.7863482935366921,0.3042001947079237
0.7864733091636456,0.22602451905410353
0.7865983247905989,0.37019435825445796
0.7867233404175522,0.16259964102264604
0.7868483560445056,0.42333016913487953
0.786973371671459,0.1705494038456611
0.7870983872984123,0.1618762894495951
0.7872234029253657,0.3108347901233245
0.7873484185523191,0.147697469041156
0.7874734341792725,0.17498173090688823
0.7875984498062258,0.20753653053662588
0.7877234654331792,0.19326176528217912
0.7878484810601326,0.08606960566137677
0.7879734966870859,0.2529662646188799
0.7880985123140393,0.2050639793910093
0.7882235279409927,0.13534789885855877
0.788348543567946,0.08170698798102113
0.7884735591948994,0.09233764194036409
0.7885985748218528,0.13844434862699212
0.7887235904488061,0.2351903860738448
0.7888486060757596,0.22178886278812981
0.7889736217027129,-0.05092148914738216
0.7890986373296662,-0.02095513847555835
0.7892236529566197,0.22745207988696844
0.789348668583573,0.10465521711522481
0.7894736842105263,0.1884047567806358
0.7895986998374798,0.0926419937945322
0.7897237154644331,-0.11306665071285821
0.7898487310913864,-0.06491630971399429
0.7899737467183399,-0.0700846054724174
0.7900987623452932,0.13373568722313103
0.7902237779722466,-0.1485279514104625
0.7903487935992,-0.09647198545034623
0.7904738092261533,-0.0696698116639155
0.7905988248531067,-0.051476183689756774
0.7907238404800601,-0.2941464952105696
0.7908488561070134,-0.19254374728486034
0.7909738717339668,-0.18490547574744107
0.7910988873609202,0.014386661189773806
0.7912239029878735,-0.0007193145436770965
0.7913489186148269,-0.14250422427280196
0.7914739342417803,-0.2929122219287004
0.7915989498687337,-0.2462998757427824
0.791723965495687,0.08095190374788756
0.7918489811226403,-0.10507707396546061
0.7919739967495938,-0.2734536503988233
0.7920990123765471,-0.17504776710025433
0.7922240280035004,-0.14062717055859283
0.7923490436304539,-0.1949215569413097
0.7924740592574072,-0.17299079764571487
0.7925990748843605,-0.22088482575612933
0.792724090511314,-0.22620138674669277
0.7928491061382673,-0.29489809868392813
0.7929741217652208,-0.11057944501535319
0.7930991373921741,-0.13295280779823465
0.7932241530191274,-0.2625434771940825
0.7933491686460808,-0.2653809475884166
0.7934741842730342,-0.29142995260600113
0.7935991998999875,-0.16921303244364175
0.793724215526941,-0.09192438102827233
0.7938492311538943,-0.2154495071706872
0.7939742467808477,-0.29156672531960726
0.794099262407801,-0.19886858654354492
0.7942242780347544,-0.33917973428492537
0.7943492936617078,-0.24831172938431853
0.7944743092886611,-0.28819048608895004
0.7945993249156145,-0.27361673876010595
0.7947243405425679,-0.3859961101737952
0.7948493561695212,-0.5450275896442323
0.7949743717964746,-0.2941640214162758
0.795099387423428,-0.573691617373475
0.7952244030503813,-0.5063871761522497
0.7953494186773348,-0.44772871606302045
0.7954744343042881,-0.5037339816519621
0.7955994499312414,-0.5740263119198287
0.7957244655581949,-0.3869061889905733
0.7958494811851482,-0.5803363922673798
0.7959744968121015,-0.5664198617283256
0.796099512439055,-0.47068590654702147
0.7962245280660083,-0.6924253619338979
0.7963495436929616,-0.670899669520797
0.7964745593199151,-0.7777460986781699
0.7965995749468684,-0.5893322468219806
0.7967245905738218,-0.699417217973123
0.7968496062007752,-0.6890477462765632
0.7969746218277285,-0.6534432580543525
0.7970996374546819,-0.7356641009523873
0.7972246530816353,-0.628774371506664
0.7973496687085886,-0.7041649575582639
0.797474684335542,-0.9254746843622591
0.7975996999624954,-0.7490427871303762
0.7977247155894487,-0.5643741781715106
0.7978497312164021,-0.6820726862020995
0.7979747468433555,-0.6807627432503909
0.7980997624703089,-0.5746216784688883
0.7982247780972622,-0.5835450222318697
0.7983497937242156,-0.6264353359021976
0.798474809351169,-0.7489211060986469
0.7985998249781223,-0.5504644573822163
0.7987248406050756,-0.5409968832566053
0.7988498562320291,-0.5127679410256101
0.7989748718589824,-0.5118667862918762
0.7990998874859357,-0.3075210997685955
0.7992249031128892,-0.4889506979795991
0.7993499187398425,-0.18257158636636742
0.799474934366796,-0.23084381152119587
0.7995999499937493,-0.23555290383695393
0.7997249656207026,-0.16586059157567543
0.799849981247656,-0.208995455995952
0.7999749968746094,0.0484162045990716
0.8001000125015627,0.1552645268289412
0.8002250281285161,0.07837557156977357
0.8003500437554695,0.2579734567067566
0.8004750593824228,0.2764081981876386
0.8006000750093762,0.15127082109198584
0.8007250906363296,0.41013363213778203
0.800850106263283,0.2961574181987628
0.8009751218902363,0.26508496229129763
0.8011001375171897,0.40787041288054765
0.8012251531441431,0.41342113074920145
0.8013501687710964,0.5029761955265175
0.8014751843980498,0.719578362909556
0.8016002000250032,0.7028733856222061
0.8017252156519565,0.5728483039166146
0.8018502312789099,0.8277898617746072
0.8019752469058633,0.7640127975294401
0.8021002625328166,0.5047937883653769
0.8022252781597701,0.7238154867828053
0.8023502937867234,0.785255871180601
0.8024753094136767,0.8352303243650125
0.8026003250406302,0.6227390948641492
0.8027253406675835,0.6186790067874124
0.8028503562945368,0.807783264317945
0.8029753719214903,0.8614689962280115
0.8031003875484436,0.5704822153682195
0.8032254031753969,0.5865247637855469
0.8033504188023504,0.709117167623142
0.8034754344293037,0.7636332720605667
0.8036004500562571,0.711966539917767
0.8037254656832105,0.5018590736100369
0.8038504813101638,0.4561954410172425
0.8039754969371172,0.5851968454123694
0.8041005125640706,0.46656284202846726
0.8042255281910239,0.42787795068783896
0.8043505438179773,0.5364557638478492
0.8044755594449307,0.4659279802450966
0.8046005750718841,0.5210843066563225
0.8047255906988374,0.3953875795157785
0.8048506063257908,0.40666895245221396
0.8049756219527442,0.3928945321430084
0.8051006375796975,0.3326332816825147
0.8052256532066508,0.2681142492449231
0.8053506688336043,0.2867360106433595
0.8054756844605576,0.26684776274136535
0.805600700087511,0.46112046623175923
0.8057257157144644,0.10908565560937684
0.8058507313414177,0.3438411044040574
0.8059757469683712,0.26817736048227275
0.8061007625953245,0.1926209851841852
0.8062257782222778,0.23861668382539758
0.8063507938492313,0.24430467302088402
0.8064758094761846,0.3619063719424584
0.8066008251031379,0.3201835063104498
0.8067258407300913,0.2524412094510298
0.8068508563570447,0.2650668315258907
0.806975871983998,0.06825948952267881
0.8071008876109514,0.15572088108209292
0.8072259032379048,0.10791227489231554
0.8073509188648582,0.34706677634461797
0.8074759344918115,0.17127638132050615
0.8076009501187649,0.32556529117497646
0.8077259657457183,0.07898975746492985
0.8078509813726716,0.2243276051087055
0.807975996999625,0.29279331064843145
0.8081010126265784,0.1080500698293779
0.8082260282535317,0.19517099679661695
0.8083510438804851,0.15718497730520764
0.8084760595074385,0.14708389799248567
0.8086010751343918,0.2121492499464995
0.8087260907613453,0.17987280394356298
0.8088511063882986,0.03707560051702891
0.8089761220152519,0.14585508821105234
0.8091011376422054,0.10814464356024085
0.8092261532691587,0.025141539605453796
0.809351168896112,0.19867083044756617
0.8094761845230655,0.1379100246087134
0.8096012001500188,-0.01976376738007157
0.8097262157769721,0.17716982838874215
0.8098512314039256,0.06701090603226487
0.8099762470308789,-0.00894428507666508
0.8101012626578323,-0.1957944475956681
0.8102262782847857,0.043919335118340216
0.810351293911739,-0.17238905887884945
0.8104763095386924,-0.07952397048010848
0.8106013251656458,0.08383824363793226
0.8107263407925991,0.12102497792554216
0.8108513564195525,-0.040317520735254096
0.8109763720465059,-0.11029566243570714
0.8111013876734592,-0.15608836735764414
0.8112264033004126,-0.2088760786353903
0.811351418927366,-0.28410275907808763
0.8114764345543194,-0.32380067359356
0.8116014501812727,-0.15818365338063922
0.811726465808226,-0.22867061201567576
0.8118514814351795,-0.25219142253293053
0.8119764970621328,-0.1924494047426683
0.8121015126890861,-0.10194067855650667
0.8122265283160396,-0.15069320684969148
0.8123515439429929,-0.15381663953994287
0.8124765595699462,-0.04171014523096806
0.8126015751968997,-0.16936681365110853
0.812726590823853,-0.1643619181105847
0.8128516064508065,-0.23563953880930485
0.8129766220777598,-0.16076000885032427
0.8131016377047131,-0.25400518652777443
0.8132266533316665,-0.22467993948993858
0.8133516689586199,-0.11024915839932871
0.8134766845855732,-0.2624630716478244
0.8136017002125266,-0.30971090330611845
0.81372671583948,-0.2969538926946272
0.8138517314664333,-0.28318353006743596
0.8139767470933867,-0.2295378425653175
0.8141017627203401,-0.29426310562177066
0.8142267783472935,-0.34749131945284
0.8143517939742468,-0.31023045133064714
0.8144768096012002,-0.2036589879392336
0.8146018252281536,-0.4519084167411881
0.8147268408551069,-0.5266335163500242
0.8148518564820603,-0.28440147144545846
0.8149768721090137,-0.4005938044422964
0.815101887735967,-0.39085584960252473
0.8152269033629205,-0.3691119422310359
0.8153519189898738,-0.3830147561664317
0.8154769346168271,-0.5344697879803555
0.8156019502437806,-0.5761758992811662
0.8157269658707339,-0.5359507241638698
0.8158519814976872,-0.47200017156217405
0.8159769971246407,-0.6711520180517113
0.816102012751594,-0.5711790327409757
0.8162270283785473,-0.6440200136412679
0.8163520440055008,-0.5585296755890959
0.8164770596324541,-0.5671471609343912
0.8166020752594075,-0.7288342792129581
0.8167270908863609,-0.6247636494654174
0.8168521065133142,-0.6963719650228962
0.8169771221402676,-0.7906612153358361
0.817102137767221,-0.8208417708360716
0.8172271533941743,-0.6732809545677781
0.8173521690211277,-0.7167685578665323
0.8174771846480811,-0.7291225624149618
0.8176022002750344,-0.8555791824428789
0.8177272159019878,-0.6545759065825656
0.8178522315289412,-0.7447758611097971
0.8179772471558946,-0.8478599022389216
0.8181022627828479,-0.7281349262970033
0.8182272784098013,-0.6852642728961565
0.8183522940367547,-0.6110167418764194
0.818477309663708,-0.42421624641804445
0.8186023252906613,-0.5365208317154514
0.8187273409176148,-0.3887549040167333
0.8188523565445681,-0.521246365252424
0.8189773721715214,-0.5179439467110699
0.8191023877984749,-0.39255624969333536
0.8192274034254282,-0.42890286088780966
0.8193524190523817,-0.3752886673203247
0.819477434679335,-0.28773644192393383
0.8196024503062883,-0.18113888983553325
0.8197274659332418,-0.2604392181091107
0.8198524815601951,-0.23276615382536878
0.8199774971871484,-0.02655978987609558
0.8201025128141018,0.05514810515162517
0.8202275284410552,0.049036194486774244
0.8203525440680085,0.22837210901511043
0.8204775596949619,0.18702866428537843
0.8206025753219153,0.23263466079538536
0.8207275909488687,0.43519958769985434
0.820852606575822,0.2522696401820862
0.8209776222027754,0.26758883189523347
0.8211026378297288,0.46046057677002905
0.8212276534566821,0.5835089001349419
0.8213526690836355,0.612465438602319
0.8214776847105889,0.6972134044808728
0.8216027003375422,0.6782987264455295
0.8217277159644956,0.6224114531146201
0.821852731591449,0.5109944611468223
0.8219777472184023,0.7266030662947949
0.8221027628453558,0.6947060441276972
0.8222277784723091,0.816913438272838
0.8223527940992624,0.8344084587485098
0.8224778097262159,0.616860042923975
0.8226028253531692,0.6463550053780883
0.8227278409801225,0.6298447823029419
0.822852856607076,0.7009535753568562
0.8229778722340293,0.7443114814878378
0.8231028878609826,0.6449723547872291
0.8232279034879361,0.7066555604133178
0.8233529191148894,0.8124263023875807
0.8234779347418428,0.600025738736804
0.8236029503687962,0.6599578411554983
0.8237279659957495,0.7619722788751402
0.8238529816227029,0.6055224937099297
0.8239779972496563,0.48706963263532105
0.8241030128766096,0.5511399539440726
0.824228028503563,0.5272621534077618
0.8243530441305164,0.3953953427802215
0.8244780597574698,0.4891221316847686
0.8246030753844231,0.32237819371620274
0.8247280910113765,0.46537984607341065
0.8248531066383299,0.2956466724610855
0.8249781222652832,0.45152806772561643
0.8251031378922365,0.33788235709843906
0.82522815351919,0.5098228669515751
0.8253531691461433,0.3132421918403629
0.8254781847730966,0.16138972864515497
0.8256032004000501,0.22114309634437476
0.8257282160270034,0.18725139903370194
0.8258532316539569,0.4067377094798212
0.8259782472809102,0.41995262633038605
0.8261032629078635,0.3411493488192993
0.826228278534817,0.2249153888542857
0.8263532941617703,0.29213344967136257
0.8264783097887236,0.12403371574168938
0.826603325415677,0.05010865324254158
0.8267283410426304,0.181330417712119
0.8268533566695837,0.29425615369079394
0.8269783722965371,0.1479273174620276
0.8271033879234905,0.07880249795398463
0.8272284035504439,0.17202394420445816
0.8273534191773972,0.2529699543318916
0.8274784348043506,0.1423215171159523
0.827603450431304,0.188276232377247
0.8277284660582573,0.20993360992778398
0.8278534816852107,0.2551640500297627
0.8279784973121641,0.279414288290538
0.8281035129391174,0.14131769047159273
0.8282285285660708,0.2708487256284117
0.8283535441930242,0.11665462824692721
0.8284785598199775,0.07615431610247422
0.828603575446931,0.21242599271439766
0.8287285910738843,0.3172307547272424
0.8288536067008376,0.07270951826381593
0.8289786223277911,0.09316024046016083
0.8291036379547444,0.08487863483788104
0.8292286535816977,0.08818825158632976
0.8293536692086512,-0.07022990608199502
0.8294786848356045,0.220893966967761
0.8296037004625578,0.08622156222943522
0.8297287160895113,-0.15143902798535372
0.8298537317164646,0.04695644038995864
0.829978747343418,0.01684253885544731
0.8301037629703714,-0.185329487079272
0.8302287785973247,-0.13481369252011363
0.8303537942242781,-0.14053286569748952
0.8304788098512315,0.11111655700698207
0.8306038254781848,0.11650836164677102
0.8307288411051382,0.05185496545020307
0.8308538567320916,-0.04601071232222916
0.8309788723590449,-0.13517816976540706
0.8311038879859983,-0.17859344176652528
0.8312289036129517,-0.15379966525410477
0.8313539192399051,-0.21310916503314467
0.8314789348668584,-0.2213651031743401
0.8316039504938117,-0.23078027759273928
0.8317289661207652,-0.1094072713150189
0.8318539817477185,-0.021932115128141805
0.8319789973746718,-0.17906408348681135
0.8321040130016253,-0.1045541574857309
0.8322290286285786,-0.10555592699047833
0.8323540442555319,-0.16682107582633962
0.8324790598824854,-0.20663966532008532
0.8326040755094387,-0.36461530315404717
0.8327290911363922,-0.18931617569788267
0.8328541067633455,-0.2552162370209208
0.8329791223902988,-0.30901519247551484
0.8331041380172522,-0.32033405498352846
0.8332291536442056,-0.2006175611059823
0.8333541692711589,-0.3159721537189602
0.8334791848981123,-0.36289209198944483
0.8336042005250657,-0.17062059577053085
0.833729216152019,-0.20741923681303154
0.8338542317789724,-0.22873058768192855
0.8339792474059258,-0.28115843789447703
0.8341042630328792,-0.26913265835200717
0.8342292786598325,-0.3242115346075736
0.8343542942867859,-0.34403216434699707
0.8344793099137393,-0.36988684734142047
0.8346043255406926,-0.374007644158662
0.834729341167646,-0.3501732960676114
0.8348543567945994,-0.4684508306412456
0.8349793724215527,-0.3691914266058217
0.8351043880485062,-0.46936045084029393
0.8352294036754595,-0.6488972044422622
0.8353544193024128,-0.4820459060747919
0.8354794349293663,-0.4142081451933438
0.8356044505563196,-0.2929557360772044
0.8357294661832729,-0.5670037666023718
0.8358544818102264,-0.3648724979283393
0.8359794974371797,-0.6372195299038828
0.836104513064133,-0.7947274472832162
0.8362295286910865,-0.7545606426536278
0.8363545443180398,-0.6321047166479514
0.8364795599449932,-0.5523590532973868
0.8366045755719466,-0.643033706919834
0.8367295911988999,-0.5465518324012857
0.8368546068258533,-0.6511248252332251
0.8369796224528067,-0.5847135909575317
0.83710463807976,-0.6443024395484007
0.8372296537067134,-0.8264260332649408
0.8373546693336668,-0.6398673460740086
0.8374796849606201,-0.7939524113899281
0.8376047005875735,-0.646939446292674
0.8377297162145269,-0.7129536660393019
0.8378547318414803,-0.6594376143556341
0.8379797474684336,-0.5075466555070175
0.838104763095387,-0.8834419161413423
0.8382297787223404,-0.7199567880952915
0.8383547943492937,-0.7306620124353654
0.838479809976247,-0.45253765650401073
0.8386048256032005,-0.6976684714885766
0.8387298412301538,-0.4070414076815883
0.8388548568571071,-0.4600322960901647
0.8389798724840606,-0.3331901861846979
0.8391048881110139,-0.3542411139922078
0.8392299037379674,-0.3626307928392488
0.8393549193649207,-0.14508882308877516
0.839479934991874,-0.14069565123776354
0.8396049506188275,-0.27729325126399273
0.8397299662457808,-0.18627512049272182
0.8398549818727341,-0.02571175086723969
0.8399799974996875,0.07447528824635323
0.8401050131266409,0.017046181453535304
0.8402300287535942,-0.0034166010756357876
0.8403550443805476,0.10845465599312619
0.840480060007501,0.22908216918861593
0.8406050756344544,0.3105769463248293
0.8407300912614077,0.34356865942830644
0.8408551068883611,0.3448343118247833
0.8409801225153145,0.2885675241914566
0.8411051381422678,0.3369549574429136
0.8412301537692212,0.39363576900086733
0.8413551693961746,0.5020475300831756
0.8414801850231279,0.6411317252187901
0.8416052006500813,0.6018940331692509
0.8417302162770347,0.6363057482582994
0.841855231903988,0.7037974526845926
0.8419802475309415,0.6426527125650878
0.8421052631578948,0.6897779728826009
0.8422302787848481,0.7664068029985026
0.8423552944118016,0.7163311589428362
0.8424803100387549,0.6729056805739329
0.8426053256657082,0.7929847923846418
0.8427303412926617,0.9815354415230556
0.842855356919615,0.7219852639262936
0.8429803725465683,0.974047739979038
0.8431053881735218,0.7593885736583557
0.8432304038004751,0.6116179043625579
0.8433554194274285,0.6745719821549723
0.8434804350543819,0.5491027205996165
0.8436054506813352,0.6931849151011185
0.8437304663082886,0.8129714614476693
0.843855481935242,0.6386062169710147
0.8439804975621953,0.7173642956479923
0.8441055131891487,0.640216119943508
0.844230528816102,0.7083459487488103
0.8443555444430554,0.6269163460046664
0.8444805600700088,0.44476110173072325
0.8446055756969622,0.63549348929053
0.8447305913239156,0.5121384998262996
0.8448556069508689,0.4264652642960087
0.8449806225778222,0.44232402208312604
0.8451056382047757,0.30680835663618083
0.845230653831729,0.4145788405792335
0.8453556694586823,0.2506781408017524
0.8454806850856358,0.25250732196322184
0.8456057007125891,0.4046424660656762
0.8457307163395426,0.24409130075450625
0.8458557319664959,0.09414694702623098
0.8459807475934492,0.28336738284990215
0.8461057632204027,0.4355188645572934
0.846230778847356,0.3907238002602567
0.8463557944743093,0.22976859258718582
0.8464808101012627,0.3229386471967071
0.8466058257282161,0.17630014872469535
0.8467308413551694,0.1981936024319105
0.8468558569821228,0.22428952542078018
0.8469808726090762,0.14510545092503743
0.8471058882360296,0.17316542392230927
0.8472309038629829,0.31272586461130913
0.8473559194899363,0.3571838290510464
0.8474809351168897,0.2535457070446518
0.847605950743843,0.2004973020873747
0.8477309663707964,0.2885642227538712
0.8478559819977498,0.08042363943413891
0.8479809976247031,0.2515310370598862
0.8481060132516565,0.29165168157642357
0.8482310288786099,-0.05078085757123922
0.8483560445055632,0.12304827975816877
0.8484810601325167,0.15879027137605714
0.84860607575947,0.24804161915754194
0.8487310913864233,0.07399066796086233
0.8488561070133768,0.1857528865406042
0.8489811226403301,0.08036452365203964
0.8491061382672834,0.13482638766064578
0.8492311538942369,0.1758868859174644
0.8493561695211902,0.15883993315279482
0.8494811851481435,-0.031881447058002124
0.849606200775097,-0.07101979620393709
0.8497312164020503,0.034308898086807496
0.8498562320290037,-0.07135797527620723
0.8499812476559571,0.05438923227327541
0.8501062632829104,-0.10875863188242565
0.8502312789098638,-0.07955451480731535
0.8503562945368172,-0.08834124867793529
0.8504813101637705,-0.030764378666594167
0.8506063257907239,-0.02410096821285693
0.8507313414176773,0.1447177687180668
0.8508563570446306,-0.11552265771899242
0.850981372671584,-0.11288668980843163
0.8511063882985374,-0.2285944439678579
0.8512314039254908,-0.2931525738617373
0.8513564195524441,-0.0011677920832161473
0.8514814351793975,-0.18412331638746907
0.8516064508063509,-0.11443186753052804
0.8517314664333042,-0.11243910196665693
0.8518564820602575,-0.3880369527647556
0.851981497687211,-0.17362383857560687
0.8521065133141643,-0.18449434798904255
0.8522315289411176,-0.17316607647213672
0.8523565445680711,-0.3485875256278502
0.8524815601950244,-0.171633510586388
0.8526065758219779,-0.18434594913784744
0.8527315914489312,-0.09851934378216491
0.8528566070758845,-0.22594480936804529
0.852981622702838,-0.11230221090555358
0.8531066383297913,-0.38337638648071926
0.8532316539567446,-0.24457447948854022
0.853356669583698,-0.16950800182058265
0.8534816852106514,-0.04075391941584749
0.8536067008376047,-0.34463897958018486
0.8537317164645581,-0.3271628040259351
0.8538567320915115,-0.22049193387760632
0.8539817477184649,-0.2820315778770672
0.8541067633454182,-0.2526532557364822
0.8542317789723716,-0.3554498875678302
0.854356794599325,-0.25825386296408054
0.8544818102262783,-0.4017403883940927
0.8546068258532317,-0.42556102288999936
0.8547318414801851,-0.4150256164722386
0.8548568571071384,-0.6827745259805762
0.8549818727340918,-0.30687845820125037
0.8551068883610452,-0.39637105544544177
0.8552319039879985,-0.4555421765834958
0.855356919614952,-0.2817068864875203
0.8554819352419053,-0.5144049811896191
0.8556069508688586,-0.35881758111795425
0.8557319664958121,-0.34099184631585205
0.8558569821227654,-0.5415828891975558
0.8559819977497187,-0.4127712133932513
0.8561070133766722,-0.5630526502126196
0.8562320290036255,-0.6149360306291197
0.8563570446305789,-0.7253553868664433
0.8564820602575323,-0.5552612033021271
0.8566070758844856,-0.5248581722403954
0.856732091511439,-0.6491352409797543
0.8568571071383924,-0.5876448738956375
0.8569821227653457,-0.7235613907471113
0.8571071383922991,-0.7210824585449978
0.8572321540192525,-0.7024931979323853
0.8573571696462058,-0.6844784512283631
0.8574821852731592,-0.8143102350967409
0.8576072009001126,-0.83183664485208
0.857732216527066,-0.6959490241924494
0.8578572321540193,-0.686850300552209
0.8579822477809727,-0.4804878688040816
0.8581072634079261,-0.7292505298036478
0.8582322790348794,-0.6722993996468171
0.8583572946618327,-0.6736627511747596
0.8584823102887862,-0.7444901780429888
0.8586073259157395,-0.3893508782638397
0.8587323415426928,-0.6299960570702237
0.8588573571696463,-0.39686997736070123
0.8589823727965996,-0.38318256724564814
0.859107388423553,-0.3560326255018722
0.8592324040505064,-0.31013328944558305
0.8593574196774597,-0.40642330063928744
0.8594824353044132,-0.12383121151043576
0.8596074509313665,-0.1486523129695737
0.8597324665583198,0.08732582011288871
0.8598574821852732,0.08231584785772103
0.8599824978122266,-0.15388652462344896
0.8601075134391799,0.08444158011592734
0.8602325290661333,0.18422883044677138
0.8603575446930867,0.12106986607852328
0.8604825603200401,0.31179076310702336
0.8606075759469934,0.3030033653071086
0.8607325915739468,0.1551887988545798
0.8608576072009002,0.5391806326479043
0.8609826228278535,0.4076971184988609
0.8611076384548069,0.5326524246819377
0.8612326540817603,0.4858188683224278
0.8613576697087136,0.5555230669097487
0.861482685335667,0.6261935791891474
0.8616077009626204,0.7363369175327196
0.8617327165895737,0.5592105733160838
0.8618577322165272,0.6078134279509332
0.8619827478434805,0.6011929349687462
0.8621077634704338,0.7840296973931776
0.8622327790973873,0.5872627128722803
0.8623577947243406,0.6410374309745446
0.8624828103512939,0.642116690191392
0.8626078259782474,0.8239182054833765
0.8627328416052007,0.7664586444196005
0.862857857232154,0.7547753940955251
0.8629828728591075,0.6526326347005826
0.8631078884860608,0.625622390014894
0.8632329041130142,0.8695337685097884
0.8633579197399676,0.6950791224989802
0.8634829353669209,0.6623358077946994
0.8636079509938743,0.6180136396105574
0.8637329666208277,0.5809709010774773
0.863857982247781,0.6618576613943803
0.8639829978747344,0.6833661925720456
0.8641080135016878,0.7011350608559808
0.8642330291286411,0.5109930479455371
0.8643580447555945,0.489860558309945
0.8644830603825479,0.5388035330953507
0.8646080760095013,0.5000859642824427
0.8647330916364546,0.42348713671463134
0.864858107263408,0.25969098488905473
0.8649831228903614,0.364731294649669
0.8651081385173147,0.4398238832151065
0.865233154144268,0.36718182592191745
0.8653581697712215,0.49950220599319706
0.8654831853981748,0.5337540240027445
0.8656082010251283,0.27488044912240256
0.8657332166520816,0.5730938572294092
0.8658582322790349,0.27618002937442887
0.8659832479059884,0.21180571764161646
0.8661082635329417,0.21810147978734848
0.866233279159895,0.23114558194885543
0.8663582947868484,0.11467589864226808
0.8664833104138018,0.31171442122583065
0.8666083260407551,0.21975879090281983
0.8667333416677085,0.3758805777173773
0.8668583572946619,0.32644675942907475
0.8669833729216153,0.12464579330283812
0.8671083885485686,0.26440931363189085
0.867233404175522,0.23438945924495824
0.8673584198024754,0.1715702932491698
0.8674834354294287,0.3018064068257878
0.8676084510563821,0.1721002731898759
0.8677334666833355,0.1332072471528439
0.8678584823102888,0.0684354364464041
0.8679834979372422,0.02384061955958842
0.8681085135641956,0.2393150231007459
0.8682335291911489,0.11473368053477288
0.8683585448181024,0.023331290210718218
0.8684835604450557,0.2628904130845219
0.868608576072009,0.22577199000302733
0.8687335916989625,0.20830801593781348
0.8688586073259158,-0.052842112424794384
0.8689836229528691,0.09353680142850247
0.8691086385798226,-0.009400683271766462
0.8692336542067759,0.21892853313928876
0.8693586698337292,0.2115552585893531
0.8694836854606827,0.06244335106354736
0.869608701087636,-0.0014448981315285708
0.8697337167145894,0.00873932114897949
0.8698587323415428,0.003758940297505399
0.8699837479684961,-0.00621633790310258
0.8701087635954495,-0.007096623543026608
0.8702337792224029,0.06698668156902678
0.8703587948493562,-0.11095045412647359
0.8704838104763096,-0.06337061729489053
0.870608826103263,-0.003959957984906391
0.8707338417302163,-0.17594858215232523
0.8708588573571697,-0.12593006145871027
0.870983872984123,-0.20295543451994444
0.8711088886110765,-0.17518396888328552
0.8712339042380298,-0.18669661006553065
0.8713589198649832,-0.12345597577403843
0.8714839354919366,0.13780265822793278
0.8716089511188899,-0.19216393003476337
0.8717339667458432,-0.19879025094677066
0.8718589823727967,-0.17159261356434247
0.87198399799975,-0.22025062556197186
0.8721090136267033,-0.3963246495919288
0.8722340292536568,-0.29390733544791503
0.8723590448806101,-0.24144587423124855
0.8724840605075636,-0.1810326550011267
0.8726090761345169,-0.12249903180712818
0.8727340917614702,-0.3235253308786985
0.8728591073884236,-0.27712347872882404
0.872984123015377,-0.14667798207628308
0.8731091386423303,-0.22738906858702163
0.8732341542692837,-0.2901970009732179
0.8733591698962371,-0.175440579867179
0.8734841855231904,-0.17532535404810082
0.8736092011501438,-0.06285337438045574
0.8737342167770972,-0.39663688566893157
0.8738592324040506,-0.2417881970892105
0.8739842480310039,-0.16680417504971906
0.8741092636579573,-0.1758681704238419
0.8742342792849107,-0.27930696300659064
0.874359294911864,-0.23504169227515798
0.8744843105388174,-0.23276194932259792
0.8746093261657708,-0.4620821495428667
0.8747343417927241,-0.3728292854519422
0.8748593574196775,-0.46826821238596966
0.8749843730466309,-0.3026452344886217
0.8751093886735842,-0.3328182331066521
0.8752344043005377,-0.5780290080378838
0.875359419927491,-0.3523182755483415
0.8754844355544443,-0.45512240234872736
0.8756094511813978,-0.4211840030212822
0.8757344668083511,-0.6180972340373216
0.8758594824353044,-0.45098170847661245
0.8759844980622579,-0.6074723993964796
0.8761095136892112,-0.5319121926760215
0.8762345293161646,-0.6426246406099503
0.876359544943118,-0.601731387522849
0.8764845605700713,-0.6123583498635131
0.8766095761970247,-0.7600304154384968
0.8767345918239781,-0.5322829525984132
0.8768596074509314,-0.6059273846385217
0.8769846230778848,-0.6966875821487245
0.8771096387048382,-0.7154262206640463
0.8772346543317915,-0.7512265378274111
0.8773596699587449,-0.6644646023988019
0.8774846855856983,-0.6789467804428202
0.8776097012126517,-0.8311042611821944
0.877734716839605,-0.6469320274480738
0.8778597324665584,-0.7125541376479334
0.8779847480935118,-0.602546185182953
0.8781097637204651,-0.6633722725988751
0.8782347793474184,-0.8563258143623488
0.8783597949743719,-0.6400948509029758
0.8784848106013252,-0.5807409891127627
0.8786098262282785,-0.40455255388273387
0.878734841855232,-0.5408808629666841
0.8788598574821853,-0.4397577089147167
0.8789848731091388,-0.38141152198474493
0.8791098887360921,-0.4008850893280429
0.8792349043630454,-0.30120885991467583
0.8793599199899989,-0.37291583531958
0.8794849356169522,0.022382936700792676
0.8796099512439055,-0.030116781919457637
0.879734966870859,-0.07155332590625149
0.8798599824978123,-0.08297077928557897
0.8799849981247656,-0.11271480123746695
0.880110013751719,0.22702168083692073
0.8802350293786724,0.20514864051667345
0.8803600450056258,0.15726819731212163
0.8804850606325791,0.23874444662721842
0.8806100762595325,0.15036245118346117
0.8807350918864859,0.4268993650308817
0.8808601075134392,0.4884467305027237
0.8809851231403926,0.5449420600244338
0.881110138767346,0.45433224623831947
0.8812351543942993,0.3577117994666209
0.8813601700212527,0.5512518573787235
0.8814851856482061,0.48987994028587784
0.8816102012751594,0.47776017328975323
0.8817352169021129,0.6954117464793443
0.8818602325290662,0.6040810233764436
0.8819852481560195,0.7002748935654952
0.882110263782973,0.8989497786717583
0.8822352794099263,0.7986684192890278
0.8823602950368796,0.6064337295097624
0.8824853106638331,0.8769592430956795
0.8826103262907864,0.8878854235459774
0.8827353419177397,0.7262180130497954
0.8828603575446932,0.6732422802297832
0.8829853731716465,0.6400006426161223
0.8831103887985999,0.6864409966091851
0.8832354044255533,0.6174502573175351
0.8833604200525066,0.6727540798304145
0.88348543567946,0.6555983409251787
0.8836104513064134,0.578936313241807
0.8837354669333667,0.7363159245871673
0.8838604825603201,0.7086157624190181
0.8839854981872735,0.6692766088344299
0.8841105138142268,0.6900936101644028
0.8842355294411802,0.41996289625874617
0.8843605450681336,0.43945075544676554
0.884485560695087,0.5177380166471983
0.8846105763220403,0.5147695147286733
0.8847355919489936,0.42703974792075167
0.8848606075759471,0.539188883374772
0.8849856232029004,0.40638588400196946
0.8851106388298537,0.34842598917708073
0.8852356544568072,0.30660251500581887
0.8853606700837605,0.37188981324763887
0.8854856857107138,0.4250726250572312
0.8856107013376673,0.2861810041662263
0.8857357169646206,0.10083519590838981
0.885860732591574,0.3014449637136636
0.8859857482185274,0.24350870937737668
0.8861107638454807,0.085482489722973
0.8862357794724341,0.11292782801350823
0.8863607950993875,0.2469041124587014
0.8864858107263408,0.2374035945893473
0.8866108263532942,0.1561980584271261
0.8867358419802476,0.3068572260515802
0.886860857607201,0.16825764143505081
0.8869858732341543,0.4006456982704089
0.8871108888611077,0.21184249521953546
0.8872359044880611,0.04442924330126944
0.8873609201150144,-0.008973774921756173
0.8874859357419678,0.2890491452385
0.8876109513689212,0.15604803086839536
0.8877359669958745,0.17157398805981255
0.8878609826228279,0.2098028740911723
0.8879859982497813,0.09571261233853712
0.8881110138767346,0.10326477816580179
0.8882360295036881,0.1426945694408885
0.8883610451306414,0.13231862922194987
0.8884860607575947,0.09599738485166129
0.8886110763845482,0.187036200855
0.8887360920115015,0.1800765580514388
0.8888611076384548,0.1581702671952821
0.8889861232654083,0.11277946887296351
0.8891111388923616,0.09858236390250283
0.8892361545193149,0.15516908284745673
0.8893611701462684,0.05217882283236455
0.8894861857732217,-0.04257489159255819
0.8896112014001751,0.22186951668902063
0.8897362170271285,-0.09181453208198344
0.8898612326540818,0.02074131058854218
0.8899862482810352,0.09902726949792903
0.8901112639079886,0.02223227819902891
0.8902362795349419,-0.004879309204756322
0.8903612951618953,-0.03882345998917342
0.8904863107888487,-0.09991326267890174
0.890611326415802,0.09741456416048094
0.8907363420427554,-0.09340419017521027
0.8908613576697088,-0.17203532233674687
0.8909863732966622,-0.07383928469856721
0.8911113889236155,-0.17713700406492253
0.8912364045505689,-0.1264697148411264
0.8913614201775223,-0.22456121595919212
0.8914864358044756,-0.19891298025570311
0.891611451431429,-0.0964852982731653
0.8917364670583824,-0.015539164119358392
0.8918614826853357,-0.23530269945673396
0.891986498312289,-0.028469109689352144
0.8921115139392425,-0.1600470860660424
0.8922365295661958,-0.17148855193761073
0.8923615451931493,-0.11925505878835865
0.8924865608201026,-0.37249187368802267
0.8926115764470559,-0.08497338113116086
0.8927365920740093,-0.17932457335983792
0.8928616077009627,-0.16511906918402244
0.892986623327916,-0.2836272308401443
0.8931116389548694,-0.09309773703553474
0.8932366545818228,-0.2495320285924318
0.8933616702087761,-0.19671579094721525
0.8934866858357295,-0.2515432134563121
0.8936117014626829,-0.3221423869172656
0.8937367170896363,-0.3008390566435167
0.8938617327165896,-0.1429358291057093
0.893986748343543,-0.28356847294959375
0.8941117639704964,-0.2141622879953607
0.8942367795974497,-0.28584423622450555
0.8943617952244031,-0.1093461837241251
0.8944868108513565,-0.13616363825993902
0.8946118264783098,-0.4077277466932459
0.8947368421052632,-0.3508833259287537
0.8948618577322166,-0.4944131229055323
0.8949868733591699,-0.3651296751406201
0.8951118889861234,-0.5071000796926819
0.8952369046130767,-0.5434263239678899
0.89536192024003,-0.5899028500851251
0.8954869358669835,-0.45442372453441876
0.8956119514939368,-0.6278031744782367
0.8957369671208901,-0.4808957102778188
0.8958619827478436,-0.5701866028252113
0.8959869983747969,-0.5330686656608794
0.8961120140017502,-0.6567484793175823
0.8962370296287037,-0.4923376193500077
0.896362045255657,-0.6173377302727993
0.8964870608826104,-0.766609604748117
0.8966120765095638,-0.6456164841899906
0.8967370921365171,-0.6333883851074366
0.8968621077634705,-0.7788185735765837
0.8969871233904239,-0.8360878633902639
0.8971121390173772,-0.8388282324746669
0.8972371546443306,-0.593179652825459
0.897362170271284,-0.6834998928766021
0.8974871858982374,-0.757103466479467
0.8976122015251907,-0.9026997839317347
0.897737217152144,-0.6677182454702578
0.8978622327790975,-0.603611967811113
0.8979872484060508,-0.7169912703446338
0.8981122640330041,-0.6328889668075424
0.8982372796599576,-0.72910713292767
0.8983622952869109,-0.7549083476985039
0.8984873109138642,-0.4270528927131171
0.8986123265408177,-0.5086385194981131
0.898737342167771,-0.5268951492360584
0.8988623577947245,-0.3450840052194263
0.8989873734216778,-0.3758085986594696
0.8991123890486311,-0.39201829018541046
0.8992374046755846,-0.2569382213381751
0.8993624203025379,-0.48123231851028875
0.8994874359294912,-0.27561220351081034
0.8996124515564446,-0.20906685949968978
0.899737467183398,-0.2218299619144521
0.8998624828103513,0.0193608312085678
0.8999874984373047,-0.13439624138913914
0.9001125140642581,0.0015455379823267317
0.9002375296912115,0.051768963772608055
0.9003625453181648,0.1571278838670616
0.9004875609451182,0.2547253944071655
0.9006125765720716,0.2597397997376085
0.9007375921990249,0.36894437135839264
0.9008626078259783,0.3324216707612727
0.9009876234529317,0.39763737794960136
0.901112639079885,0.3206449492110029
0.9012376547068384,0.5378843696036728
0.9013626703337918,0.4091004965810576
0.9014876859607451,0.6038228444144312
0.9016127015876986,0.6332725208758052
0.9017377172146519,0.5957197700848565
0.9018627328416052,0.6328631049454919
0.9019877484685587,0.6246090890503286
0.902112764095512,0.6778069194378459
0.9022377797224653,0.8650542593948473
0.9023627953494188,0.7944509551455499
0.9024878109763721,0.6385594831051038
0.9026128266033254,1.0
0.9027378422302789,0.7689372099177895
0.9028628578572322,0.6025339326114328
0.9029878734841856,0.776925835191527
0.903112889111139,0.6040514781013783
0.9032379047380923,0.5993036111926662
0.9033629203650457,0.5769464973144415
0.9034879359919991,0.6436045896462448
0.9036129516189524,0.6276478424973683
0.9037379672459058,0.5593514829945642
0.9038629828728592,0.4987359046850745
0.9039879984998125,0.647059978594922
0.9041130141267659,0.7063300847111665
0.9042380297537193,0.4734207563543703
0.9043630453806727,0.28175046840972634
0.904488061007626,0.44275669320545136
0.9046130766345793,0.40647177925846134
0.9047380922615328,0.6700317982726733
0.9048631078884861,0.3003201518848462
0.9049881235154394,0.511468657857958
0.9051131391423929,0.2950792481354135
0.9052381547693462,0.3551764116146675
0.9053631703962995,0.28110487237510967
0.905488186023253,0.3473840131824804
0.9056132016502063,0.24530230948888343
0.9057382172771598,0.3136132957949551
0.9058632329041131,0.4413975743312134
0.9059882485310664,0.1156932137250301
0.9061132641580198,0.3345076322219595
0.9062382797849732,0.24677406343198946
0.9063632954119265,0.2734222066904549
0.90648831103888,0.1576243902078184
0.9066133266658333,0.4258304977216943
0.9067383422927867,0.2660416905460466
0.90686335791974,0.2478090725206858
0.9069883735466934,0.21491526027371527
0.9071133891736468,0.24128756392941364
0.9072384048006001,0.253296483188135
0.9073634204275535,0.3191607058772064
0.9074884360545069,0.24232356176130346
0.9076134516814602,0.08259060724977808
0.9077384673084136,0.1723615504592076
0.907863482935367,0.12213079468585697
0.9079884985623203,0.10430153750977703
0.9081135141892738,0.14438418780285642
0.9082385298162271,0.25041639593027193
0.9083635454431804,0.2998028868888258
0.9084885610701339,0.35808416614668426
0.9086135766970872,0.15836980318992122
0.9087385923240405,-0.013435585141172716
0.908863607950994,0.2356393537542384
0.9089886235779473,0.08607009109247896
0.9091136392049006,0.2540987679399142
0.9092386548318541,0.12708812040947734
0.9093636704588074,-0.036744481434547005
0.9094886860857608,0.12494520094142109
0.9096137017127142,-0.08026823312202558
0.9097387173396675,0.03171565032803431
0.9098637329666209,0.05796346617114874
0.9099887485935743,0.05193628800503711
0.9101137642205276,-0.14731098564346778
0.910238779847481,-0.05209302535296958
0.9103637954744344,-0.05070826107254307
0.9104888111013877,-0.10280170387863023
0.9106138267283411,0.08438921880923525
0.9107388423552945,-0.006199125469488219
0.9108638579822479,-0.2379636217747296
0.9109888736092012,-0.2910404393621615
0.9111138892361546,-0.03718111826596266
0.911238904863108,-0.17646036919724123
0.9113639204900613,-0.29343342109095205
0.9114889361170146,-0.2552060696183274
0.9116139517439681,0.046314740965007754
0.9117389673709214,-0.34974745137615476
0.9118639829978747,-0.10996325227913925
0.9119889986248282,-0.10816567590370897
0.9121140142517815,-0.2075377446549617
0.912239029878735,-0.28441556964897585
0.9123640455056883,-0.3017994780689333
0.9124890611326416,-0.17472332933955953
0.912614076759595,-0.27181660768321836
0.9127390923865484,-0.3391234974483368
0.9128641080135017,-0.17881298255400688
0.9129891236404551,-0.07987510990510928
0.9131141392674085,-0.28414898955712764
0.9132391548943618,-0.22955700733620168
0.9133641705213152,-0.2360240378767526
0.9134891861482686,-0.2956914987249148
0.913614201775222,-0.19340034110819815
0.9137392174021753,-0.4554670742457572
0.9138642330291287,-0.17515733955513538
0.9139892486560821,-0.4574059275100073
0.9141142642830354,-0.12577735991550362
0.9142392799099888,-0.2593447793064308
0.9143642955369422,-0.5801115937570607
0.9144893111638955,-0.32380983578323264
0.9146143267908489,-0.2633078813653762
0.9147393424178023,-0.49080645141035134
0.9148643580447556,-0.41776130099589753
0.9149893736717091,-0.3844600608585535
0.9151143892986624,-0.3307425355030332
0.9152394049256157,-0.3132856117377774
0.9153644205525692,-0.3558450223855184
0.9154894361795225,-0.4724007987350558
0.9156144518064758,-0.5245188136623928
0.9157394674334293,-0.6057440213189438
0.9158644830603826,-0.5963749067524208
0.9159894986873359,-0.5045644605026719
0.9161145143142894,-0.5510837093423493
0.9162395299412427,-0.797168258381792
0.9163645455681961,-0.5254372189015064
0.9164895611951495,-0.6972061471689814
0.9166145768221028,-0.6012936915124447
0.9167395924490562,-0.8353343134503137
0.9168646080760096,-0.7213902356508182
0.9169896237029629,-0.5857488131087132
0.9171146393299163,-0.7403633655782246
0.9172396549568697,-0.685408156412449
0.9173646705838231,-0.5093734166243273
0.9174896862107764,-0.7572432157238969
0.9176147018377298,-0.6629073823637542
0.9177397174646832,-0.7288800621211522
0.9178647330916365,-0.7024487013714564
0.9179897487185898,-0.6211095408789943
0.9181147643455433,-0.7665506029598586
0.9182397799724966,-0.5799947275676269
0.91836479559945,-0.5433771289504935
0.9184898112264034,-0.688973990531081
0.9186148268533567,-0.5925812905811293
0.9187398424803102,-0.581333090773191
0.9188648581072635,-0.44473355828543987
0.9189898737342168,-0.32394995094646284
0.9191148893611703,-0.5420324830774229
0.9192399049881236,-0.4632697853788534
0.9193649206150769,-0.2649934494659838
0.9194899362420303,-0.08903843775742082
0.9196149518689837,-0.19763300193500946
0.919739967495937,-0.24660274639174568
0.9198649831228904,-0.20907482795298044
0.9199899987498438,0.17878151949507914
0.9201150143767972,-0.07799623954859555
0.9202400300037505,-0.0770708542573821
0.9203650456307039,0.22490838591454862
0.9204900612576573,0.3043101797688161
0.9206150768846106,0.23260173075270138
0.920740092511564,0.3807297166719723
0.9208651081385174,0.1963194399641137
0.9209901237654707,0.35296669888688387
0.9211151393924241,0.406830137153076
0.9212401550193775,0.5497075938524567
0.9213651706463308,0.3630134082912649
0.9214901862732843,0.5432252880028384
0.9216152019002376,0.5856078694465163
0.9217402175271909,0.5575712089453885
0.9218652331541444,0.6515719173505873
0.9219902487810977,0.7407619901903123
0.922115264408051,0.667410681019722
0.9222402800350045,0.6935841248961212
0.9223652956619578,0.740065809297877
0.9224903112889111,0.6396494958937331
0.9226153269158646,0.7131575120095824
0.9227403425428179,0.6291973477036282
0.9228653581697713,0.9020997079996046
0.9229903737967247,0.6528861693742559
0.923115389423678,0.6533347362314429
0.9232404050506314,0.6587472060463614
0.9233654206775848,0.4838015389414576
0.9234904363045381,0.6293768054651662
0.9236154519314915,0.7754219243375366
0.9237404675584449,0.6839170646290087
0.9238654831853982,0.8332015749908747
0.9239904988123516,0.7205680243105191
0.924115514439305,0.5332045584565979
0.9242405300662584,0.576345491892547
0.9243655456932117,0.6235475987781365
0.924490561320165,0.48640927142173196
0.9246155769471185,0.31085479868364146
0.9247405925740718,0.37335157592386997
0.9248656082010251,0.3619039168194884
0.9249906238279786,0.5050553629496554
0.9251156394549319,0.37976005340196006
0.9252406550818852,0.414825613018858
0.9253656707088387,0.48589933856375267
0.925490686335792,0.2585095866930903
0.9256157019627455,0.29328237656923123
0.9257407175896988,0.2541105461088725
0.9258657332166521,0.36944165995927675
0.9259907488436055,0.15794128707703597
0.9261157644705589,0.13440790761715438
0.9262407800975122,0.12708425570328405
0.9263657957244656,0.22901725340638826
0.926490811351419,0.19743509525809588
0.9266158269783723,0.17179834224162538
0.9267408426053257,0.0969476007399125
0.9268658582322791,0.06776402940594979
0.9269908738592325,0.2574122692297428
0.9271158894861858,0.10212449383380527
0.9272409051131392,0.24631757030771287
0.9273659207400926,0.20441543273601373
0.9274909363670459,0.04655062281369838
0.9276159519939993,0.20159211149404108
0.9277409676209527,0.24547719354023217
0.927865983247906,0.30021513753675416
0.9279909988748595,0.15406568876484308
0.9281160145018128,0.3850482850056531
0.9282410301287661,0.04471949838936019
0.9283660457557196,0.05226299352773606
0.9284910613826729,0.21093876280433277
0.9286160770096262,0.10434929498020136
0.9287410926365797,0.0041031759460683
0.928866108263533,0.20225907401045146
0.9289911238904863,0.22753885329672638
0.9291161395174398,0.14281982243755065
0.9292411551443931,0.17522935074579962
0.9293661707713465,0.13295432182877479
0.9294911863982999,0.0930690165244411
0.9296162020252532,-0.1461213320205013
0.9297412176522066,0.16641319059053383
0.92986623327916,-0.051998563776271635
0.9299912489061133,-0.06739405376614602
0.9301162645330667,-0.03829936378612366
0.9302412801600201,-0.049917089292701444
0.9303662957869734,0.06477654799245323
0.9304913114139268,-0.03279783122382423
0.9306163270408802,-0.14693396549943585
0.9307413426678336,-0.1677618245625603
0.9308663582947869,-0.29464203216031304
0.9309913739217403,-0.1406902062027873
0.9311163895486937,-0.06094139221487621
0.931241405175647,-0.03755692207061016
0.9313664208026003,-0.08461166257409256
0.9314914364295538,-0.15543413790363653
0.9316164520565071,-0.13487841134948708
0.9317414676834604,-0.21116409987495746
0.9318664833104139,-0.1061030597017982
0.9319914989373672,-0.30518588453398937
0.9321165145643207,-0.13416200597226177
0.932241530191274,-0.28911399991159237
0.9323665458182273,-0.27985342337505487
0.9324915614451807,-0.12904859624768886
0.9326165770721341,-0.21931211997356467
0.9327415926990874,-0.18898285926606584
0.9328666083260408,-0.175972988238046
0.9329916239529942,-0.23565115788109428
0.9331166395799475,-0.009467571970817806
0.9332416552069009,-0.1932480257288164
0.9333666708338543,-0.30252137118764044
0.9334916864608077,-0.22510004802131436
0.933616702087761,-0.29130742434581597
0.9337417177147144,-0.22506843093037646
0.9338667333416678,-0.2509282697337181
0.9339917489686211,-0.15105179845252378
0.9341167645955745,-0.20224434836725788
0.9342417802225279,-0.44111463035547566
0.9343667958494812,-0.28933350704379984
0.9344918114764346,-0.2740020503481862
0.934616827103388,-0.35713938254194993
0.9347418427303413,-0.38370194703561805
0.9348668583572948,-0.3620335137779129
0.9349918739842481,-0.39733876435833343
0.9351168896112014,-0.5068850791540955
0.9352419052381549,-0.427072235509192
0.9353669208651082,-0.45000872933298786
0.9354919364920615,-0.4973833157953743
0.935616952119015,-0.7824124100136713
0.9357419677459683,-0.4410480531846858
0.9358669833729216,-0.5087670744774436
0.9359919989998751,-0.4776955431672143
0.9361170146268284,-0.48564118294662334
0.9362420302537818,-0.5172904327044292
0.9363670458807352,-0.6338350861957162
0.9364920615076885,-0.7373244579776972
0.9366170771346419,-0.6119293376177839
0.9367420927615953,-0.7215684394094318
0.9368671083885486,-0.7688775060246668
0.936992124015502,-0.8563265881759182
0.9371171396424554,-0.9034725064054013
0.9372421552694088,-0.7604032853112825
0.9373671708963621,-0.6839556488884901
0.9374921865233155,-0.6313157304278875
0.9376172021502689,-0.6685915968279791
0.9377422177772222,-0.4868670891756872
0.9378672334041755,-0.7376203330558244
0.937992249031129,-0.7066375146142843
0.9381172646580823,-0.6813763564964412
0.9382422802850356,-0.7727335149855757
0.9383672959119891,-0.6495511813669795
0.9384923115389424,-0.4408221740384642
0.9386173271658959,-0.37354118362125827
0.9387423427928492,-0.5608579609677352
0.9388673584198025,-0.385690116637258
0.938992374046756,-0.43343971161265443
0.9391173896737093,-0.45302687109880724
0.9392424053006626,-0.36994413549988636
0.939367420927616,-0.3098231278136008
0.9394924365545694,0.01168313876563737
0.9396174521815227,-0.12346969137817017
0.9397424678084761,-0.010895743960756252
0.9398674834354295,0.0534958706129495
0.9399924990623829,-0.15611573741770973
0.9401175146893362,-0.02682136325828078
0.9402425303162896,0.08151074486888495
0.940367545943243,0.12396097413074073
0.9404925615701963,0.26929137715643003
0.9406175771971497,0.2989473958070795
0.9407425928241031,0.29900959218021417
0.9408676084510564,0.256976734919975
0.9409926240780098,0.4781259327489069
0.9411176397049632,0.6761573663689062
0.9412426553319165,0.4987709449244748
0.94136767095887,0.6566593429653018
0.9414926865858233,0.5204361447136099
0.9416177022127766,0.5545805337039325
0.9417427178397301,0.6758158131732823
0.9418677334666834,0.6871389307934955
0.9419927490936367,0.7668821318824719
0.9421177647205902,0.5022486512611003
0.9422427803475435,0.7125651492086326
0.9423677959744968,0.8784539764664983
0.9424928116014503,0.6468945596504674
0.9426178272284036,0.8645982191868937
0.942742842855357,0.6362134383500796
0.9428678584823104,0.7413829097004325
0.9429928741092637,0.6354468512888268
0.9431178897362171,0.6460452048052835
0.9432429053631705,0.7396796356302674
0.9433679209901238,0.713672289260896
0.9434929366170772,0.7452646855977749
0.9436179522440306,0.6768178604794938
0.9437429678709839,0.5776130254398847
0.9438679834979373,0.42409512146631323
0.9439929991248907,0.4425867809746209
0.9441180147518441,0.4048783628262111
0.9442430303787974,0.6021350359515348
0.9443680460057507,0.666629682717996
0.9444930616327042,0.46331032467201816
0.9446180772596575,0.4981741725770104
0.9447430928866108,0.39809593833700124
0.9448681085135643,0.48639388929444666
0.9449931241405176,0.4478217775140412
0.9451181397674709,0.5052957654081222
0.9452431553944244,0.3477765249343414
0.9453681710213777,0.3706956779137655
0.9454931866483312,0.3986033069394487
0.9456182022752845,0.3031287069261955
0.9457432179022378,0.2606538859501318
0.9458682335291912,0.3724257809824302
0.9459932491561446,0.13988244628166702
0.9461182647830979,0.27009617858516993
0.9462432804100513,0.1694203443650905
0.9463682960370047,0.2687203881695363
0.946493311663958,0.2891613328938288
0.9466183272909114,0.07075935479058008
0.9467433429178648,0.18429946770969813
0.9468683585448182,0.3274879987565821
0.9469933741717715,0.10148194767722547
0.9471183897987249,0.3374989518897275
0.9472434054256783,0.13787706719533188
0.9473684210526316,0.25310269073131825
0.947493436679585,0.08297090870478888
0.9476184523065384,0.027703237313240665
0.9477434679334917,0.15140650475167858
0.9478684835604452,0.2312456893306372
0.9479934991873985,0.11742179381047141
0.9481185148143518,0.2440397646838906
0.9482435304413053,0.1124067845987811
0.9483685460682586,0.27794856359182935
0.9484935616952119,0.14721401810135373
0.9486185773221654,0.13046638926667012
0.9487435929491187,0.2815120376807576
0.948868608576072,0.19802994483721434
0.9489936242030255,0.1933865272230723
0.9491186398299788,0.0455041268705002
0.9492436554569322,0.047301718507825295
0.9493686710838856,0.09710614608613025
0.9494936867108389,0.11607131379359012
0.9496187023377923,0.05631203666682967
0.9497437179647457,-0.10075348470370783
0.949868733591699,-0.09631393698978392
0.9499937492186524,0.08625770689572367
0.9501187648456058,-0.06611306843498166
0.9502437804725591,-0.055852324309093156
0.9503687960995125,-0.011419537010107093
0.9504938117264659,0.02073587220911422
0.9506188273534193,0.023570541708773606
0.9507438429803726,-0.173110580160974
0.950868858607326,0.06969351607446658
0.9509938742342794,-0.04145605082990505
0.9511188898612327,-0.14203450332939674
0.951243905488186,-0.01609733901060704
0.9513689211151395,-0.2398831443779087
0.9514939367420928,-0.3122360794523028
0.9516189523690461,-0.07652330537469747
0.9517439679959996,-0.2821759168999944
0.9518689836229529,-0.07399974001715143
0.9519939992499064,-0.29479951145108657
0.9521190148768597,-0.0893749367277338
0.952244030503813,-0.14355433315054356
0.9523690461307665,-0.11902010708870184
0.9524940617577198,-0.11051461131523253
0.9526190773846731,-0.1913205588738378
0.9527440930116265,-0.20004769917493856
0.9528691086385799,-0.11941503855511908
0.9529941242655332,-0.17987812282899346
0.9531191398924866,-0.28257095397589915
0.95324415551944,-0.17514446812834653
0.9533691711463934,-0.2875092265798687
0.9534941867733467,-0.3851709992474424
0.9536192024003001,-0.16903652897007784
0.9537442180272535,-0.23826422216282128
0.9538692336542068,-0.3817324493083956
0.9539942492811602,-0.21572385043827533
0.9541192649081136,-0.2624792891195734
0.9542442805350669,-0.5221502794264208
0.9543692961620203,-0.45609657473641857
0.9544943117889737,-0.39685196963337344
0.954619327415927,-0.2847629759564199
0.9547443430428805,-0.40979086370250745
0.9548693586698338,-0.3234889301772504
0.9549943742967871,-0.6532240264319061
0.9551193899237406,-0.2837709180909495
0.9552444055506939,-0.44091615704724374
0.9553694211776472,-0.44562538744699154
0.9554944368046007,-0.5322680928361638
0.955619452431554,-0.6459932329920091
0.9557444680585073,-0.40340060852829007
0.9558694836854608,-0.6522687096838947
0.9559944993124141,-0.7941847515239118
0.9561195149393675,-0.5739828356341364
0.9562445305663209,-0.5387640343751869
0.9563695461932742,-0.6858813503132315
0.9564945618202276,-0.5921866474379467
0.956619577447181,-0.7421449592483048
0.9567445930741343,-0.7063567627045704
0.9568696087010877,-0.7395493425665638
0.956994624328041,-0.6704374800269789
0.9571196399549944,-0.9184072910911433
0.9572446555819478,-0.7504773528158329
0.9573696712089012,-0.7588465953122221
0.9574946868358546,-0.856405869430657
0.9576197024628079,-0.6418269487746916
0.9577447180897612,-0.7006148922139166
0.9578697337167147,-0.8713798433437431
0.957994749343668,-0.8050320574908786
0.9581197649706213,-0.5788561978030183
0.9582447805975748,-0.5492071745245637
0.9583697962245281,-0.5115190531202553
0.9584948118514816,-0.5943513162447956
0.9586198274784349,-0.5265220197809566
0.9587448431053882,-0.46448308723002446
0.9588698587323417,-0.45601420011947125
0.958994874359295,-0.5381244438509102
0.9591198899862483,-0.32249859724646807
0.9592449056132017,-0.22795857731816987
0.9593699212401551,-0.30096270520087154
0.9594949368671084,-0.2496709308359357
0.9596199524940618,-0.15692567628904772
0.9597449681210152,-0.1639994825172792
0.9598699837479686,0.020641209775294257
0.9599949993749219,0.21068026356567732
0.9601200150018753,0.12076843580569518
0.9602450306288287,0.10403122170442838
0.960370046255782,0.22071157192685725
0.9604950618827354,0.1014077517281483
0.9606200775096888,0.2565921484488272
0.9607450931366421,0.41031112438423306
0.9608701087635955,0.37097538317389345
0.9609951243905489,0.4831395360895041
0.9611201400175022,0.4978071076755711
0.9612451556444557,0.38830149051069635
0.961370171271409,0.5267691093831305
0.9614951868983623,0.6227549059957707
0.9616202025253158,0.5550617582008088
0.9617452181522691,0.5610704853427618
0.9618702337792224,0.5624808601724857
0.9619952494061759,0.5692981326843483
0.9621202650331292,0.7086658121549851
0.9622452806600825,0.6950145352372167
0.962370296287036,0.869306455220446
0.9624953119139893,0.7427592472047373
0.9626203275409427,0.6007922475602964
0.9627453431678961,0.8306843157063682
0.9628703587948494,0.7849794117930456
0.9629953744218028,0.6381226215013165
0.9631203900487562,0.5831420744682464
0.9632454056757095,0.7363766232015927
0.9633704213026629,0.6905060824362051
0.9634954369296163,0.595327405674227
0.9636204525565696,0.7520212894250378
0.963745468183523,0.5541900056810083
0.9638704838104764,0.44107290851146463
0.9639954994374298,0.711287470397004
0.9641205150643831,0.41674283232602755
0.9642455306913364,0.5587159346440366
0.9643705463182899,0.47464360533881617
0.9644955619452432,0.6750180238204531
0.9646205775721965,0.2628199967329372
0.96474559319915,0.48557267716189123
0.9648706088261033,0.5076390903680215
0.9649956244530566,0.386653973986605
0.9651206400800101,0.4064444109535033
0.9652456557069634,0.29310098026370635
0.9653706713339169,0.30242466490992986
0.9654956869608702,0.4621907606211571
0.9656207025878235,0.22047534263946741
0.965745718214777,0.32461528441537735
0.9658707338417303,0.21004948054992412
0.9659957494686836,0.291827061708359
0.966120765095637,0.19908607509511664
0.9662457807225904,0.10945025765816088
0.9663707963495437,0.180991492522782
0.9664958119764971,0.21154184273453727
0.9666208276034505,0.08915608828005253
0.9667458432304039,0.11677607781446675
0.9668708588573572,0.1351507988311123
0.9669958744843106,0.200742663513205
0.967120890111264,0.2266946241886647
0.9672459057382173,0.25408168041803264
0.9673709213651707,0.2588310244868592
0.9674959369921241,0.24696684931339632
0.9676209526190774,0.27113542197467466
0.9677459682460308,0.14293280947991294
0.9678709838729842,0.2696391268316645
0.9679959994999375,0.21047043730546067
0.968121015126891,0.08118832874573549
0.9682460307538443,0.15899262999382865
0.9683710463807976,0.03409675486360546
0.9684960620077511,0.1960069676542301
0.9686210776347044,0.025565035054696403
0.9687460932616577,0.2839068230608113
0.9688711088886112,0.24670209402300455
0.9689961245155645,0.1669801151396607
0.9691211401425179,0.12840732287734175
0.9692461557694713,0.17463594063787632
0.9693711713964246,0.02701014790713736
0.969496187023378,0.05382102506847471
0.9696212026503314,0.0455747978712128
0.9697462182772847,-0.10374765599965446
0.9698712339042381,-0.11808522885410623
0.9699962495311915,-0.052799014262921586
0.9701212651581448,0.025699980835499837
0.9702462807850982,-0.18050927689110463
0.9703712964120516,-0.014745605021179525
0.970496312039005,-0.03658066154231335
0.9706213276659583,-0.0012347135328470262
0.9707463432929117,-0.04837675753471062
0.9708713589198651,0.028099472918680455
0.9709963745468184,-0.020844736085086583
0.9711213901737717,-0.301149192560378
0.9712464058007252,0.004379085175744728
0.9713714214276785,-0.2147535262049127
0.9714964370546318,-0.1129670513100268
0.9716214526815853,-0.06858716101348054
0.9717464683085386,-0.2205556605506481
0.971871483935492,-0.21384231900824466
0.9719964995624454,-0.24968173958070616
0.9721215151893987,-0.3280925357132566
0.9722465308163522,-0.3705546611855645
0.9723715464433055,-0.36317004809631126
0.9724965620702588,-0.18415974108020025
0.9726215776972122,-0.12259099748237434
0.9727465933241656,-0.10129132697279
0.9728716089511189,-0.10228150395319104
0.9729966245780723,-0.3090430996809643
0.9731216402050257,-0.08813365142175959
0.9732466558319791,-0.09564804381309101
0.9733716714589324,-0.23791564599360993
0.9734966870858858,-0.31177068905521577
0.9736217027128392,-0.21356881592062354
0.9737467183397925,-0.22737815059843733
0.9738717339667459,-0.3169520708823616
0.9739967495936993,-0.25555765882734943
0.9741217652206526,-0.19803214947741168
0.974246780847606,-0.3709513335019797
0.9743717964745594,-0.1083095140679032
0.9744968121015127,-0.46852004730679825
0.9746218277284662,-0.2420666711160272
0.9747468433554195,-0.3672890039864346
0.9748718589823728,-0.32445700163579283
0.9749968746093263,-0.4153732664118607
0.9751218902362796,-0.2803571281432569
0.9752469058632329,-0.3919195294562595
0.9753719214901864,-0.41413126083285046
0.9754969371171397,-0.39579631008265365
0.975621952744093,-0.5460783292628493
0.9757469683710465,-0.6327353393638105
0.9758719839979998,-0.34628014659267936
0.9759969996249532,-0.5968927859661725
0.9761220152519066,-0.7147424640355042
0.9762470308788599,-0.6119257386226934
0.9763720465058133,-0.5498974883627197
0.9764970621327667,-0.6825484329280491
0.97662207775972,-0.7877296793417108
0.9767470933866734,-0.5957383467349021
0.9768721090136268,-0.8492471708483431
0.9769971246405801,-0.6037723634652806
0.9771221402675335,-0.8655953528752666
0.9772471558944869,-0.7950758225993143
0.9773721715214403,-0.7112057046797053
0.9774971871483936,-0.7656468354958138
0.977622202775347,-0.541172253403701
0.9777472184023004,-0.6683255039241738
0.9778722340292537,-0.6352739849434573
0.977997249656207,-0.5820387757998933
0.9781222652831605,-0.730234496687432
0.9782472809101138,-0.6973998381964556
0.9783722965370673,-0.6312367075409079
0.9784973121640206,-0.6203809812486011
0.9786223277909739,-0.607907758363503
0.9787473434179274,-0.484991879890752
0.9788723590448807,-0.49267717746020795
0.978997374671834,-0.5146094839218679
0.9791223902987874,-0.42286231422651904
0.9792474059257408,-0.3038895161947243
0.9793724215526941,-0.22392608818083107
0.9794974371796475,-0.10634698146069656
0.9796224528066009,-0.15191064005379487
0.9797474684335543,0.01766996006099027
0.9798724840605076,0.05585701120410649
0.979997499687461,-0.1502644637527578
0.9801225153144144,0.1803335932798489
0.9802475309413677,0.004709471759564106
0.9803725465683211,0.12626754040166205
0.9804975621952745,0.1754993388837229
0.9806225778222278,0.48231855855512346
0.9807475934491812,0.38392537618415096
0.9808726090761346,0.388772131558652
0.9809976247030879,0.4941879773585046
0.9811226403300414,0.2690095949374847
0.9812476559569947,0.43041712010065897
0.981372671583948,0.5902824677874929
0.9814976872109015,0.610543135657631
0.9816227028378548,0.8383836678711843
0.9817477184648081,0.6960780251175004
0.9818727340917616,0.6692842122507239
0.9819977497187149,0.6661117790799089
0.9821227653456682,0.5850337614507694
0.9822477809726217,0.7221726637218697
0.982372796599575,0.6586308498588259
0.9824978122265284,0.7042444650411918
0.9826228278534818,0.6340968200203968
0.9827478434804351,0.7016039790028675
0.9828728591073885,0.5638833272185606
0.9829978747343419,0.7679134352901622
0.9831228903612952,0.8399118442180559
0.9832479059882486,0.7717438665297597
0.983372921615202,0.7237430200877512
0.9834979372421553,0.5890025092440697
0.9836229528691087,0.6266363954442569
0.983747968496062,0.4627711372426014
0.9838729841230155,0.5465736548537999
0.9839979997499688,0.49399176489247604
0.9841230153769222,0.4314302564101325
0.9842480310038756,0.5978322175416143
0.9843730466308289,0.5072090795097072
0.9844980622577822,0.5453531460581515
0.9846230778847357,0.46312966291342006
0.984748093511689,0.3277072117625097
0.9848731091386423,0.3383776559855023
0.9849981247655958,0.3950481582183316
0.9851231403925491,0.38525354397091877
0.9852481560195026,0.40833815646811883
0.9853731716464559,0.23402771862441035
0.9854981872734092,0.3955918249315486
0.9856232029003626,0.3050026193794048
0.985748218527316,0.31457452148931747
0.9858732341542693,0.32093566319501493
0.9859982497812227,0.33331175792474577
0.9861232654081761,0.08374984016142842
0.9862482810351294,0.14754653559259528
0.9863732966620828,0.32448592272199167
0.9864983122890362,0.4222672594960173
0.9866233279159896,0.21286337077716017
0.9867483435429429,0.27936614242774405
0.9868733591698963,0.24182897368106787
0.9869983747968497,0.2837871965856448
0.987123390423803,0.1304000152421956
0.9872484060507564,0.1570965547728521
0.9873734216777098,0.30047567109410633
0.9874984373046631,0.17136042795874698
0.9876234529316165,0.13390984231908937
0.9877484685585699,0.19414115776456217
0.9878734841855232,0.3022138763081269
0.9879984998124767,0.1752090429295329
0.98812351543943,0.20886672854141228
0.9882485310663833,0.022807008645142623
0.9883735466933368,0.29748000693752624
0.9884985623202901,0.0008565473451671866
0.9886235779472434,0.10285896850614595
0.9887485935741969,0.20697373477128686
0.9888736092011502,-0.03338299768827888
0.9889986248281036,0.00346924358850407
0.989123640455057,0.005206693078945733
0.9892486560820103,0.10012103891718516
0.9893736717089637,0.04086992673661981
0.9894986873359171,-0.0798572184815854
0.9896237029628704,-0.009322936962277132
0.9897487185898238,0.025477908831526827
0.9898737342167772,0.1851725919594931
0.9899987498437305,-0.043611271963531185
0.9901237654706839,0.1232029428188164
0.9902487810976373,-0.042082533463847153
0.9903737967245907,0.051576821030593925
0.990498812351544,-0.1178969900501383
0.9906238279784974,0.04403062457977845
0.9907488436054508,-0.24855224847695587
0.9908738592324041,-0.3311536235542503
0.9909988748593574,-0.1660681639670585
0.9911238904863109,-0.024471435402261252
0.9912489061132642,-0.09661305386166108
0.9913739217402175,-0.2722261282815994
0.991498937367171,-0.17379803888999673
0.9916239529941243,-0.3167506710038625
0.9917489686210778,-0.08527546389552593
0.9918739842480311,-0.17351945682268477
0.9919989998749844,-0.21302186768171552
0.9921240155019379,-0.10064757690737255
0.9922490311288912,-0.295798103215256
0.9923740467558445,-0.1779107753983923
0.992499062382798,-0.32377830637763455
0.9926240780097513,-0.39081567083655006
0.9927490936367046,-0.18942243338065629
0.992874109263658,-0.4640578308795133
0.9929991248906114,-0.2862817969632389
0.9931241405175648,-0.2816560843385848
0.9932491561445181,-0.22206505262943108
0.9933741717714715,-0.2830554511681093
0.9934991873984249,-0.29596265128597854
0.9936242030253782,-0.23616761250817797
0.9937492186523316,-0.46387154192165864
0.993874234279285,-0.24013280506690707
0.9939992499062383,-0.22459806307729024
0.9941242655331917,-0.23768700684436778
0.9942492811601451,-0.23836173543070482
0.9943742967870984,-0.15251225708274624
0.9944993124140519,-0.40694353755753787
0.9946243280410052,-0.3119568964736652
0.9947493436679585,-0.3975847003032838
0.994874359294912,-0.3049747016387897
0.9949993749218653,-0.5072964627884174
0.9951243905488186,-0.5372381202082686
0.9952494061757721,-0.33231945996779966
0.9953744218027254,-0.4980529053258628
0.9954994374296787,-0.3146577677723632
0.9956244530566322,-0.41976426950289564
0.9957494686835855,-0.5197308134314056
0.9958744843105389,-0.5524009826692056
0.9959994999374923,-0.6361699279766371
0.9961245155644456,-0.6764389539300706
0.996249531191399,-0.567014541272666
0.9963745468183524,-0.5592308209353283
0.9964995624453057,-0.6505853101213493
0.9966245780722591,-0.48044217721640037
0.9967495936992125,-0.6585502979365339
0.9968746093261658,-0.6992222814114161
0.9969996249531192,-0.7240362868094377
0.9971246405800726,-0.850301572945799
0.997249656207026,-0.8084801757544399
0.9973746718339793,-0.7014039487788198
0.9974996874609326,-0.7723516234836213
0.9976247030878861,-0.6297242543690014
0.9977497187148394,-0.6688539233015584
0.9978747343417927,-0.7437614655465705
0.9979997499687462,-0.5010136155026481
0.9981247655956995,-0.5269863288638609
0.9982497812226528,-0.6776522014469867
0.9983747968496063,-0.7028978450678633
0.9984998124765596,-0.4379336799653909
0.998624828103513,-0.5104285916744458
0.9987498437304664,-0.4172298365902506
0.9988748593574197,-0.6150640425984542
0.9989998749843731,-0.46241224538588344
0.9991248906113265,-0.5143616236543896
0.9992499062382798,-0.3557002994862306
0.9993749218652332,-0.25928421416665515
0.9994999374921866,-0.22332964067277175
0.99962495311914,-0.05199986193927498
0.9997499687460933,-0.12749116410701852
0.9998749843730467,-0.21202514979399484
1.0,-0.03697508454630282
